68257,1928,2202,880
68266,1916,892,2016
68275,1927,1947,889
68284,1943,3450,-522
68294,1936,2577,277
68303,1945,3348,-569
68313,1924,1081,1585
68323,1943,2927,-360
68333,1945,2980,-475
68343,1940,2332,161
68352,1933,1515,886
68361,1933,1439,875
68370,1936,1667,531
68379,1942,2184,-28
68388,1940,1875,286
68397,1948,2581,-394
68407,1952,2852,-534
68417,1930,509,1711
68426,1940,1483,606
68435,1943,1709,322
68444,1949,2224,-266
68454,1958,3013,-926
68464,1945,1562,432
68473,1957,2684,-708
68483,1968,3650,-1586
68493,1956,2267,-153
68503,1958,2354,-179
68513,1960,2436,-210
68523,1948,1114,1039
68533,1948,1058,1041
68543,1936,-193,2109
68553,1948,1015,777
68562,1919,-1935,3565
68572,1908,-2938,4273
68582,1892,-4391,5319
68592,1893,-4071,4580
68602,1895,-3668,3731
68612,1880,-4984,4611
68622,1869,-5835,4894
68632,1887,-3743,2309
68642,1872,-5056,3134
68652,1884,-3603,1284
68662,1884,-3423,712
68672,1901,-1552,-1335
68682,1886,-2974,-182
68692,1903,-1126,-2093
68702,1890,-2369,-1075
68712,1893,-1951,-1494
68722,1904,-753,-2546
68732,1918,683,-3646
68742,1903,-850,-1896
68752,1912,92,-2588
68761,1900,-1112,-1126
68771,1920,943,-2729
68781,1920,896,-2373
68791,1937,2551,-3521
68801,1915,223,-938
68810,1928,1512,-1898
68820,1926,1237,-1436
68830,1921,675,-631
68839,1916,141,-13
68848,1932,1734,-1332
68858,1938,2247,-1566
68868,1940,2335,-1447
68878,1932,1418,-481
68888,1938,1947,-824
68898,1924,450,696
68968,1948,2827,-1418
68978,1946,2486,-974
68988,1950,2762,-1125
68998,1943,1923,-328
69008,1944,1927,-219
69018,1946,2031,-288
69028,1952,2529,-700
69038,1949,2103,-178
69048,1962,3298,-1163
69058,1967,3633,-1371
69068,1970,3751,-1389
69078,1970,3564,-1120
69088,1950,1385,1055
69098,1967,3016,-503
69108,1973,3465,-751
69118,1960,1992,665
69127,1968,2692,-20
69136,1959,1658,939
69145,1974,3075,-400
69155,1964,1921,753
69164,1984,3825,-1031
69174,1961,1333,1380
69184,1981,3267,-475
69194,1967,1703,981
69203,1988,3718,-1027
69213,1974,2132,450
69222,1985,3126,-571
69232,1984,2869,-216
69242,1986,2926,-279
69252,1994,3580,-925
69262,1988,2801,-92
69271,1991,2960,-234
69281,1994,3112,-289
69291,1994,2957,-141
69301,1984,1809,999
69310,1994,2719,15
69319,1990,2183,608
69328,1998,2873,-108
69338,1994,2330,476
69347,2004,3213,-440
69357,2000,2653,154
69366,1990,1520,1180
69376,2002,2644,41
69385,1996,1912,706
69394,1989,1116,1337
69404,1985,660,1650
69413,1998,1927,314
69422,1987,731,1352
69431,1970,-1005,2824
69441,1952,-2755,4270
69451,1943,-3517,4616
69461,1940,-3641,4352
69471,1910,-6459,6548
69481,1916,-5536,5100
69491,1911,-5759,4725
69501,1912,-5371,3802
69511,1900,-6303,4212
69521,1915,-4487,1921
69531,1942,-1563,-1234
69541,1928,-2885,-179
69551,1930,-2541,-736
69561,1927,-2714,-873
69571,1924,-2878,-949
69581,1943,-834,-2982
69591,1943,-792,-2893
69601,1955,446,-3868
69611,1940,-1075,-2174
69621,1934,-1621,-1306
69631,1946,-340,-2240
69641,1950,76,-2268
69650,1968,1872,-3582
69660,1953,278,-1549
69670,1964,1365,-2245
69680,1963,1196,-1893
69690,1968,1637,-2032
69700,1962,955,-1116
69710,1966,1307,-1201
69720,1983,2942,-2447
69730,1983,2794,-2058
69740,1967,1055,-195
69750,1973,1602,-665
69760,1971,1322,-225
69770,1974,1556,-248
69780,1963,378,977
69789,1993,3359,-1784
69799,1972,1091,431
69808,1981,1936,-303
69818,1975,1240,384
69827,1973,978,632
69836,1988,2429,-766
69846,1984,1907,-181
69856,1984,1812,-51
69865,1986,1921,-229
69875,2000,3225,-1504
69885,1993,2364,-556
69895,2007,3646,-1701
69905,1989,1663,303
69975,2014,4080,-1944
69985,2006,3076,-760
69995,2007,3022,-729
70005,2017,3871,-1392
70015,2017,3678,-1083
70025,2020,3794,-1029
70035,2015,3104,-197
70045,2004,1849,1018
70055,1999,1256,1567
70065,2004,1693,1122
70075,2022,3409,-493
70085,2031,4138,-1162
70095,2028,3631,-570
70105,2013,1950,997
70114,2004,952,1947
70123,2016,2105,663
70132,2022,2600,137
70141,2015,1769,883
70150,2025,2681,-106
70160,2035,3547,-981
70170,2025,2369,100
70179,2036,3351,-864
70189,2024,1983,512
70198,2026,2084,466
70207,2038,3180,-529
70217,2028,2021,536
70226,2045,3620,-1096
70236,2050,3939,-1395
70246,2036,2342,227
70255,2021,725,1829
70264,2028,1389,1118
70274,2034,1919,542
70283,2042,2623,-104
70293,2049,3192,-639
70303,2049,3032,-514
70313,2032,1181,1257
70323,2028,721,1542
70332,2016,-514,2611
70342,2009,-1188,3067
70352,2002,-1828,3374
70362,1990,-2937,4152
70372,1966,-5190,5817
70382,1975,-4031,4127
70392,1967,-4629,4260
70402,1952,-5898,5087
70412,1956,-5203,3953
70422,1961,-4442,2768
70432,1966,-3720,1623
70442,1959,-4234,1642
70452,1965,-3423,400
70462,1984,-1351,-1839
70472,1979,-1784,-1574
70482,1974,-2194,-1275
70492,1994,-85,-3311
70502,1991,-381,-2919
70512,1982,-1262,-1926
70522,1981,-1298,-1630
70532,1994,66,-2722
70541,1992,-137,-2219
70551,2000,669,-2588
70561,1991,-264,-1325
70571,2000,649,-1899
70581,1993,-83,-924
70590,1998,421,-1118
70600,1990,-400,-95
70609,2007,1319,-1637
70619,2000,553,-715
70628,1998,326,-319
70637,2007,1209,-1117
70647,1977,-1850,1845
70657,1992,-258,319
70666,2010,1555,-1303
70676,1997,176,82
70685,1997,168,111
70694,1989,-640,832
70703,2018,2291,-1929
70713,2011,1477,-1059
70723,2021,2403,-1819
70733,2002,383,197
70742,2013,1464,-758
70752,2034,3491,-2640
70762,2020,1916,-975
70772,2013,1120,-126
70782,2027,2464,-1386
70792,2034,3041,-1637
70802,2029,2389,-808
70812,2050,4369,-2602
70822,2027,1851,28
70831,2040,3058,-986
70841,2042,3105,-783
70851,2038,2550,-211
70861,2044,3023,-580
70871,2048,3271,-771
70881,2039,2208,413
70890,2035,1697,939
70899,2042,2312,245
70908,2035,1497,1033
70978,2045,2422,195
70987,2040,1801,772
70996,2052,2911,-346
71006,2052,2765,-175
71016,2061,3527,-993
71026,2051,2351,215
71035,2037,833,1585
71044,2045,1591,725
71053,2060,3012,-663
71063,2057,2561,-243
71073,2071,3833,-1478
71083,2070,3541,-1097
71093,2056,1964,497
71102,2058,2066,379
71111,2053,1463,979
71120,2062,2289,144
71129,2073,3275,-742
71139,2076,3411,-845
71149,2068,2441,103
71158,2065,2019,424
71167,2077,3117,-623
71177,2063,1562,981
71186,2078,2983,-347
71196,2069,1934,629
71205,2063,1238,1237
71215,2068,1676,656
71224,2076,2392,-136
71234,2061,772,1403
71243,2048,-565,2566
71253,2030,-2337,4084
71263,2032,-2020,3480
71273,1993,-5819,6673
71283,1999,-4928,5226
71293,1992,-5382,5158
71303,1981,-6213,5440
71313,2003,-3702,2475
71323,1985,-5317,3631
71333,1988,-4751,2549
71343,1978,-5514,2815
71353,1989,-4138,1081
71363,1984,-4431,967
71373,1992,-3409,-440
71383,1995,-2939,-1158
71393,1993,-2992,-1267
71403,2012,-942,-3224
71413,2007,-1395,-2729
71423,2030,974,-4646
71433,2004,-1674,-1780
71443,2021,109,-3198
71453,2005,-1496,-1278
71463,2017,-221,-2321
71473,2031,1189,-3298
71483,2025,530,-2286
71493,2029,903,-2232
71503,2021,58,-1107
71512,2032,1155,-1832
71522,2027,597,-1007
71532,2049,2767,-2797
71542,2027,429,-230
71551,2041,1808,-1425
71561,2041,1717,-1127
71571,2036,1131,-531
71581,2021,-425,1108
71591,2038,1296,-533
71601,2046,2031,-1033
71611,2042,1530,-415
71621,2039,1153,-41
71630,2038,995,147
71639,2040,1146,13
71648,2054,2488,-1166
71658,2037,664,624
71667,2049,1831,-460
71677,2048,1639,-343
71687,2053,2057,-652
71697,2063,2954,-1473
71707,2055,2007,-506
71717,2065,2906,-1288
71727,2044,661,1029
71736,2071,3328,-1501
71746,2060,2061,-233
71756,2056,1558,271
71765,2053,1180,651
71774,2075,3321,-1334
71784,2078,3455,-1314
71794,2061,1582,497
71803,2068,2203,-20
71812,2063,1593,574
71821,2060,1214,925
71830,2065,1653,459
71839,2066,1670,355
71848,2076,2587,-521
71858,2063,1157,790
71867,2087,3499,-1361
71877,2088,3424,-1280
71887,2068,1253,836
71896,2078,2191,-58
71905,2100,4281,-1941
71915,2085,2567,-278
71985,2093,3239,-964
71995,2082,1976,323
72004,2094,3078,-718
72014,2091,2624,-196
72024,2110,4392,-1753
72034,2089,2073,594
72043,2102,3269,-495
72053,2095,2406,356
72062,2100,2785,84
72071,2087,1346,1380
72081,2092,1779,838
72090,2096,2090,583
72099,2097,2085,580
72108,2107,2981,-401
72118,2095,1632,885
72127,2099,1950,480
72136,2095,1453,943
72145,2081,-19,2209
72154,2070,-1118,3059
72164,2047,-3362,4786
72174,2041,-3794,4826
72184,2048,-2904,3525
72194,2037,-3859,4062
72204,2031,-4266,3999
72214,2038,-3353,2772
72224,2043,-2685,1807
72234,2022,-4651,3323
72244,2042,-2418,791
72254,2008,-5697,3491
72264,2012,-5012,2363
72274,2014,-4562,1478
72284,2010,-4733,1237
72294,2007,-4797,982
72304,2001,-5157,1073
72314,1995,-5499,1273
72324,2016,-3124,-1057
72334,2015,-3068,-1124
72344,2027,-1715,-2334
72354,2020,-2329,-1591
72364,2019,-2312,-1538
72374,2020,-2097,-1714
72384,2033,-692,-2855
72394,2016,-2357,-1186
72404,2024,-1439,-1820
72414,2045,732,-3609
72424,2032,-604,-2008
72434,2036,-174,-2135
72444,2032,-565,-1461
72454,2036,-137,-1555
72464,2039,169,-1484
72474,2051,1361,-2376
72484,2054,1592,-2297
72494,2033,-586,-42
72503,2036,-257,-234
72513,2040,155,-482
72522,2045,648,-791
72531,2042,315,-392
72540,2052,1299,-1132
72550,2044,434,-142
72559,2063,2312,-1915
72569,2040,-102,533
72578,2060,1902,-1332
72588,2060,1807,-1079
72598,2064,2116,-1238
72608,2060,1610,-636
72618,2070,2530,-1478
72628,2068,2203,-1111
72638,2064,1693,-448
72648,2069,2108,-706
72658,2082,3303,-1691
72668,2063,1238,413
72677,2061,976,719
72686,2076,2427,-656
72696,2075,2206,-317
72706,2086,3196,-1248
72716,2083,2736,-598
72726,2074,1699,424
72735,2074,1614,496
72744,2069,1033,1005
72754,2077,1782,268
72763,2080,1992,21
72772,2068,693,1220
72781,2095,3358,-1333
72791,2086,2290,-253
72801,2090,2576,-587
72811,2077,1147,834
72820,2095,2889,-780
72830,2103,3545,-1361
72840,2092,2268,-80
72849,2094,2354,-222
72859,2093,2137,-44
72868,2098,2530,-382
72878,2089,1503,636
72887,2100,2528,-288
72897,2094,1801,439
72906,2098,2112,137
72915,2088,1006,1263
72925,2109,3056,-806
72995,2105,2503,-239
73005,2119,3778,-1433
73015,2115,3189,-708
73025,2096,1129,1233
73035,2110,2473,-181
73045,2102,1549,693
73054,2083,-427,2485
73064,2073,-1406,3228
73074,2060,-2636,4113
73084,2042,-4304,5394
73094,2029,-5389,5951
73104,2024,-5619,5687
73114,2026,-5138,4722
73124,2018,-5681,4820
73134,2016,-5597,4159
73144,2021,-4817,2891
73154,2021,-4576,2093
73164,2034,-3048,148
73174,2028,-3495,287
73184,2029,-3220,-366
73194,2036,-2359,-1488
73204,2044,-1441,-2473
73214,2054,-369,-3476
73224,2056,-151,-3529
73234,2040,-1743,-1766
73244,2049,-756,-2444
73254,2054,-218,-2622
73264,2077,2092,-4451
73274,2060,287,-2248
73284,2074,1673,-3149
73294,2062,389,-1518
73304,2058,-29,-796
73313,2052,-628,-36
73322,2064,603,-994
73331,2065,673,-805
73340,2075,1639,-1504
73350,2062,257,-9
73359,2064,444,-142
73368,2071,1122,-735
73378,2075,1466,-865
73388,2062,92,565
73397,2073,1188,-436
73407,2055,-671,1238
73417,2065,362,210
73426,2078,1644,-1073
73436,2062,-37,579
73445,2068,563,17
73454,2059,-364,963
73463,2068,553,41
73472,2062,-73,619
73481,2068,530,-58
73490,2065,203,264
73499,2066,293,164
73508,2060,-321,683
73517,2080,1694,-1317
73527,2063,-90,455
73536,2076,1214,-847
73546,2087,2253,-1691
73556,2070,441,125
73565,2092,2619,-1987
73575,2072,487,179
73584,2091,2363,-1576
73594,2076,745,115
73603,2081,1208,-303
73613,2076,647,305
73622,2081,1115,-123
73632,2082,1159,-104
73642,2085,1401,-272
73652,2070,-168,1307
73662,2084,1239,-130
73672,2080,778,389
73681,2100,2739,-1470
73691,2107,3301,-1963
73701,2084,837,527
73710,2096,1995,-671
73720,2094,1695,-291
73730,2091,1310,23
73739,2102,2344,-904
73749,2102,2227,-719
73759,2097,1616,-43
73768,2082,35,1465
73777,2097,1533,-8
73786,2108,2557,-954
73796,2104,2029,-279
73806,2103,1827,-39
73815,2113,2736,-817
73825,2105,1799,56
73834,2088,9,1627
73843,2104,1608,79
73852,2102,1328,315
73861,2117,2762,-1046
73871,2125,3424,-1568
73881,2106,1353,436
73890,2114,2085,-304
73900,2110,1580,197
73909,2092,-298,2053
73919,2102,716,984
73928,2094,-118,1641
73998,2030,-6512,7466
74008,2023,-6887,7260
74018,2017,-7142,6856
74028,2032,-5285,4527
74038,2045,-3721,2714
74048,2024,-5635,4145
74058,2028,-4953,3044
74068,2045,-3005,712
74078,2044,-2955,237
74088,2038,-3407,371
74098,2036,-3437,33
74107,2037,-3165,-555
74117,2039,-2807,-1080
74127,2038,-2767,-1353
74137,2037,-2728,-1565
74147,2041,-2192,-1814
74157,2052,-982,-2630
74167,2055,-633,-2545
74177,2043,-1801,-1144
74187,2063,288,-2967
74197,2061,73,-2372
74206,2055,-529,-1473
74216,2058,-203,-1613
74226,2061,107,-1719
74236,2057,-298,-1106
74246,2068,816,-1938
74256,2068,775,-1634
74266,2062,136,-799
74275,2050,-1069,520
74285,2054,-616,207
74294,2074,1414,-1582
74304,2064,343,-423
74313,2068,726,-715
74322,2075,1390,-1166
74332,2053,-879,1025
74342,2083,2164,-1879
74352,2056,-643,921
74361,2068,588,-257
74370,2086,2358,-1878
74380,2073,941,-377
74389,2078,1394,-792
74399,2061,-375,900
74408,2094,2942,-2230
74418,2088,2196,-1266
74428,2086,1886,-789
74438,2088,1991,-856
74448,2085,1592,-373
74458,2074,412,784
74467,2085,1492,-288
74477,2093,2217,-806
74487,2085,1306,46
74496,2093,2041,-508
74506,2103,2939,-1249
74516,2106,3092,-1354
74526,2102,2537,-693
74536,2100,2210,-311
74546,2089,1000,990
74555,2102,2250,-305
74565,2089,837,1016
74574,2089,795,985
74583,2092,1055,662
74592,2092,1003,676
74601,2100,1753,15
74610,2109,2565,-724
74620,2110,2537,-675
74630,2088,210,1578
74639,2104,1799,-27
74648,2108,2109,-392
74658,2104,1604,13
74667,2113,2424,-813
74677,2099,902,620
74686,2122,3157,-1490
74696,2119,2700,-1002
74706,2116,2264,-472
74716,2127,3251,-1295
74726,2128,3189,-1090
74736,2132,3429,-1169
74746,2119,1958,315
74755,2138,3760,-1406
74765,2121,1872,436
74774,2120,1678,728
74783,2127,2294,145
74792,2108,280,2037
74801,2110,466,1775
74810,2116,1042,1107
74820,2098,-809,2845
74830,2100,-569,2356
74840,2076,-2940,4351
74850,2056,-4793,5734
74860,2043,-5853,6187
74870,2033,-6561,6244
74880,2034,-6133,5179
74890,2040,-5226,3793
74900,2022,-6765,4630
74910,2017,-6926,4205
74920,2036,-4680,1535
74930,2047,-3346,-174
75001,2040,-3879,80
75010,2046,-3085,-950
75020,2045,-3030,-1275
75030,2058,-1579,-2778
75040,2065,-800,-3573
75050,2062,-1060,-3187
75060,2059,-1307,-2708
75070,2056,-1542,-2186
75080,2063,-764,-2577
75090,2056,-1426,-1601
75100,2077,744,-3374
75110,2048,-2192,-132
75120,2067,-182,-1692
75130,2077,826,-2334
75140,2062,-715,-617
75150,2076,720,-1747
75160,2084,1484,-2206
75170,2064,-589,30
75179,2071,139,-584
75188,2057,-1267,791
75198,2076,696,-1054
75208,2075,561,-795
75217,2062,-766,584
75226,2087,1771,-1784
75236,2063,-716,751
75245,2078,818,-779
75254,2088,1778,-1474
75264,2078,689,-326
75273,2082,1054,-677
75283,2096,2401,-1816
75293,2096,2281,-1592
75303,2096,2167,-1432
75313,2097,2159,-1241
75323,2102,2551,-1472
75333,2076,-176,1327
75343,2091,1332,-138
75353,2101,2266,-958
75363,2095,1552,-90
75372,2092,1175,247
75381,2096,1516,54
75390,2097,1540,78
75399,2095,1263,321
75408,2108,2500,-794
75418,2099,1475,258
75427,2110,2501,-761
75437,2122,3576,-1749
75447,2098,997,751
75456,2111,2247,-492
75466,2104,1435,245
75475,2104,1363,419
75484,2112,2095,-261
75494,2109,1690,104
75503,2100,706,1032
75512,2112,1870,-85
75521,2106,1177,585
75530,2108,1318,429
75539,2120,2452,-625
75549,2112,1529,232
75558,2112,1453,307
75567,2114,1580,118
75576,2104,501,993
75585,2108,876,610
75594,2118,1832,-373
75604,2100,-58,1418
75613,2114,1344,13
75622,2124,2276,-906
75632,2120,1762,-387
75642,2110,675,697
75651,2122,1841,-470
75661,2113,849,499
75670,2144,3906,-2385
75680,2125,1811,-332
75690,2129,2120,-602
75700,2123,1414,101
75709,2095,-1456,2769
75719,2086,-2283,3410
75729,2061,-4669,5426
75739,2053,-5235,5522
75749,2064,-3873,3906
75759,2053,-4780,4404
75769,2042,-5641,4737
75779,2052,-4358,3047
75789,2025,-6841,5027
75799,2051,-3899,1703
75809,2039,-4904,2325
75819,2041,-4458,1321
75829,2058,-2535,-890
75839,2048,-3409,-386
75849,2052,-2838,-1240
75859,2057,-2196,-1931
75869,2063,-1487,-2588
75879,2076,-112,-3659
75889,2091,1392,-4722
75899,2076,-176,-2906
75909,2080,232,-2981
75919,2083,520,-2858
75929,2092,1394,-3349
75939,2073,-575,-961
76009,2078,-46,-1233
76019,2092,1355,-2218
76029,2083,388,-927
76038,2099,1968,-2208
76048,2102,2170,-2037
76058,2086,461,-109
76067,2083,138,369
76076,2086,431,204
76085,2098,1610,-858
76095,2088,529,163
76104,2107,2403,-1537
76114,2081,-317,1146
76124,2102,1798,-884
76134,2093,808,66
76143,2102,1668,-643
76153,2104,1785,-638
76163,2110,2295,-1086
76173,2112,2380,-1038
76183,2114,2462,-1086
76193,2107,1638,-298
76203,2114,2257,-797
76213,2093,44,1409
76222,2126,3341,-1694
76232,2126,3174,-1423
76242,2106,1016,767
76251,2119,2265,-490
76261,2122,2451,-492
76271,2124,2529,-521
76281,2099,-97,2044
76290,2100,7,1829
76299,2112,1207,590
76308,2113,1246,481
76317,2114,1284,370
76326,2118,1620,-21
76335,2114,1139,426
76344,2130,2682,-1088
76354,2124,1948,-227
76364,2114,850,704
76373,2127,2108,-624
76383,2124,1703,-173
76393,2132,2417,-877
76403,2124,1496,-20
76412,2126,1621,-205
76422,2122,1141,357
76431,2132,2083,-447
76441,2130,1779,-104
76451,2124,1090,574
76460,2146,3236,-1441
76470,2123,774,964
76479,2146,3035,-1170
76489,2130,1283,487
76498,2130,1219,503
76507,2138,1958,-161
76517,2127,760,946
76526,2147,2722,-947
76536,2124,286,1346
76545,2116,-527,2025
76555,2122,98,1297
76564,2120,-106,1419
76574,2122,99,1081
76583,2115,-605,1627
76593,2112,-875,1766
76603,2108,-1232,1824
76613,2098,-2170,2566
76623,2063,-5561,5385
76633,2052,-6383,5695
76643,2052,-6064,4891
76653,2053,-5661,3979
76663,2045,-6178,4034
76673,2032,-7169,4365
76683,2040,-6010,2787
76693,2053,-4410,928
76703,2052,-4289,515
76713,2045,-4775,689
76723,2045,-4536,141
76733,2058,-3009,-1545
76743,2052,-3459,-1268
76753,2052,-3286,-1578
76763,2070,-1321,-3486
76773,2074,-855,-3638
76783,2076,-612,-3496
76793,2070,-1182,-2601
76803,2067,-1423,-2078
76813,2066,-1451,-1734
76823,2072,-779,-1981
76833,2071,-840,-1575
76843,2088,901,-2963
76853,2091,1156,-2854
76863,2080,-1,-1378
76872,2102,2198,-3130
76882,2088,688,-1373
76892,2092,1054,-1438
76902,2087,501,-632
76911,2099,1676,-1607
76921,2086,292,-147
76930,2070,-1321,1419
76940,2072,-1055,1162
77011,2098,1596,-1289
77021,2091,817,-358
77030,2106,2276,-1613
77040,2086,162,567
77049,2104,1954,-1154
77059,2091,556,203
77068,2116,3028,-2067
77078,2106,1877,-936
77088,2101,1283,-303
77098,2112,2319,-1254
77108,2117,2703,-1492
77118,2123,3167,-1857
77128,2100,709,628
77137,2096,274,1170
77146,2098,460,1085
77155,2117,2337,-742
77165,2114,1920,-251
77175,2117,2124,-465
77185,2108,1118,604
77194,2141,4362,-2479
77204,2124,2444,-435
77214,2117,1622,292
77223,2127,2541,-581
77233,2124,2114,-99
77242,2140,3608,-1507
77252,2124,1827,214
77261,2113,636,1237
77270,2118,1104,795
77279,2132,2449,-404
77289,2122,1326,775
77298,2128,1860,210
77307,2123,1267,759
77316,2114,304,1601
77325,2117,589,1281
77334,2131,1959,-248
77344,2121,861,743
77353,2143,3018,-1320
77363,2132,1767,-121
77373,2132,1679,-61
77382,2129,1295,167
77391,2124,730,659
77400,2129,1193,233
77409,2140,2234,-731
77419,2124,522,851
77428,2143,2396,-951
77438,2144,2376,-896
77448,2132,1057,407
77457,2143,2104,-518
77467,2147,2399,-693
77477,2137,1279,381
77486,2128,315,1309
77495,2151,2600,-1003
77505,2120,-630,2067
77515,2092,-3398,4497
77525,2091,-3328,4118
77535,2070,-5262,5652
77545,2067,-5299,5257
77555,2042,-7534,6841
77565,2033,-8057,6792
77575,2054,-5554,3759
77585,2050,-5676,3344
77595,2043,-6092,3283
77605,2061,-3988,773
77615,2059,-3989,347
77625,2050,-4689,650
77635,2038,-5655,1217
77645,2061,-3072,-1743
77655,2055,-3518,-1489
77665,2065,-2342,-2594
77675,2068,-1925,-2918
77685,2055,-3129,-1572
77695,2072,-1273,-3160
77705,2064,-2009,-2055
77715,2077,-608,-2959
77725,2063,-1978,-1351
77735,2065,-1679,-1384
77745,2074,-695,-2008
77755,2080,-60,-2381
77765,2079,-157,-2028
77775,2086,550,-2387
77785,2094,1322,-2694
77795,2064,-1743,460
77805,2091,1043,-2022
77815,2084,291,-1094
77825,2088,676,-1306
77835,2062,-1957,1405
77845,2092,1141,-1531
77855,2068,-1316,971
77865,2091,1049,-1283
77875,2090,897,-939
77884,2077,-447,487
77893,2080,-125,203
77902,2093,1181,-1020
77912,2107,2521,-2182
77922,2091,796,-440
77931,2092,856,-531
77940,2084,13,428
77949,2098,1412,-946
78019,2093,842,-339
78028,2116,3100,-2435
78038,2101,1444,-553
78048,2088,72,747
78057,2112,2469,-1396
78067,2122,3345,-2120
78077,2116,2578,-1240
78087,2120,2849,-1292
78097,2124,3107,-1334
78107,2115,2051,-220
78117,2122,2648,-809
78127,2121,2416,-469
78137,2121,2295,-252
78147,2119,1980,193
78156,2133,3282,-983
78166,2119,1717,639
78175,2133,3032,-679
78185,2125,2080,314
78194,2116,1076,1385
78204,2130,2422,36
78213,2132,2501,-98
78222,2132,2376,13
78231,2128,1857,465
78240,2133,2264,2
78249,2159,4751,-2304
78259,2122,813,1510
78268,2148,3373,-984
78278,2138,2204,177
78287,2152,3494,-1011
78297,2146,2719,-273
78307,2144,2383,106
78316,2145,2364,81
78325,2126,346,1983
78334,2145,2228,177
78343,2140,1617,735
78352,2141,1636,658
78361,2132,654,1525
78370,2140,1421,729
78379,2151,2450,-286
78389,2138,1028,887
78398,2151,2276,-263
78408,2129,-37,1823
78417,2138,864,831
78426,2132,221,1257
78435,2092,-3789,4834
78445,2096,-3200,3872
78455,2100,-2639,2978
78465,2074,-5107,5083
78475,2076,-4652,4169
78485,2064,-5619,4653
78495,2060,-5739,4281
78505,2066,-4851,3027
78515,2072,-4009,1822
78525,2051,-5908,3164
78535,2083,-2413,-560
78545,2060,-4592,1161
78555,2088,-1563,-1970
78565,2086,-1685,-2018
78575,2093,-900,-2877
78585,2085,-1655,-1980
78595,2095,-573,-2887
78605,2080,-2044,-1377
78615,2091,-842,-2294
78625,2105,600,-3386
78635,2105,569,-2943
78645,2106,641,-2590
78655,2096,-390,-1260
78665,2104,428,-1784
78675,2102,207,-1155
78685,2107,697,-1437
78695,2116,1562,-1892
78705,2113,1184,-1331
78715,2106,425,-430
78724,2112,1003,-882
78734,2100,-246,461
78743,2112,966,-648
78752,2124,2117,-1522
78762,2116,1211,-479
78772,2115,1051,-289
78782,2116,1098,-301
78792,2119,1343,-499
78802,2113,676,238
78811,2112,542,380
78820,2118,1115,-132
78830,2107,-40,974
78839,2121,1361,-440
78849,2119,1093,-179
78859,2122,1339,-363
78869,2127,1771,-745
78879,2134,2383,-1181
78889,2127,1564,-321
78899,2118,585,554
78908,2132,1956,-767
78918,2132,1858,-615
78928,2124,966,268
78937,2131,1617,-364
78947,2146,3036,-1626
78957,2132,1484,-11
79027,2162,4410,-2717
79037,2128,790,957
79046,2144,2350,-536
79056,2146,2433,-529
79066,2136,1311,590
79075,2143,1946,-32
79084,2148,2348,-437
79094,2143,1731,190
79103,2135,844,1094
79112,2163,3602,-1553
79122,2160,3122,-989
79132,2136,566,1540
79141,2132,137,1869
79150,2155,2430,-463
79160,2138,609,1299
79169,2162,2978,-1165
79179,2153,1930,-40
79188,2153,1833,21
79197,2148,1241,533
79206,2139,279,1427
79215,2157,2065,-350
79225,2163,2562,-833
79235,2168,2934,-1125
79245,2147,687,1111
79254,2145,453,1135
79263,2163,2230,-701
79273,2172,3019,-1326
79283,2161,1767,33
79292,2161,1679,71
79301,2140,-504,2181
79311,2147,221,1272
79320,2157,1209,235
79329,2146,49,1277
79338,2128,-1753,2879
79348,2107,-3765,4622
79358,2095,-4776,5177
79368,2076,-6438,6239
79378,2090,-4716,4007
79388,2078,-5680,4546
79398,2077,-5496,3966
79408,2080,-4921,2914
79418,2072,-5475,2902
79428,2082,-4201,1230
79438,2071,-5091,1668
79448,2085,-3437,-181
79458,2106,-1165,-2545
79468,2100,-1707,-2198
79478,2098,-1821,-2208
79488,2089,-2630,-1457
79498,2100,-1399,-2531
79508,2104,-929,-2744
79518,2120,717,-3914
79528,2105,-818,-2118
79538,2091,-2177,-526
79548,2121,931,-3206
79558,2110,-215,-1746
79568,2123,1095,-2618
79578,2112,-59,-1187
79588,2102,-1056,78
79597,2105,-703,-92
79606,2124,1231,-1867
79616,2114,169,-680
79625,2121,861,-1193
79635,2113,18,-173
79644,2108,-482,387
79653,2125,1241,-1191
79663,2109,-420,394
79672,2112,-99,121
79681,2124,1105,-864
79691,2116,250,-54
79700,2129,1537,-1225
79710,2120,560,-283
79719,2121,632,-309
79728,2120,501,-74
79737,2140,2476,-1837
79747,2144,2752,-2011
79757,2121,314,435
79766,2132,1398,-612
79776,2124,528,291
79785,2141,2202,-1203
79795,2141,2092,-1036
79805,2154,3287,-1984
79815,2136,1323,74
79824,2132,857,523
79833,2135,1114,324
79842,2131,658,721
79851,2128,325,1038
79860,2144,1909,-459
79870,2152,2614,-1023
79880,2144,1683,-145
79890,2148,1999,-511
79900,2143,1399,160
79909,2159,2929,-1267
79919,2164,3282,-1437
79929,2159,2618,-745
79939,2156,2187,-308
79949,2151,1578,187
79958,2145,899,837
80028,2156,1954,-144
80038,2164,2656,-743
80048,2159,2023,-19
80057,2176,3622,-1398
80067,2155,1341,844
80076,2164,2174,-17
80085,2168,2465,-256
80095,2166,2142,75
80104,2157,1135,1065
80114,2180,3378,-1147
80124,2181,3309,-1077
80134,2174,2444,-223
80144,2174,2321,-91
80153,2170,1805,439
80162,2179,2615,-256
80172,2160,584,1683
80181,2179,2455,-200
80191,2164,832,1342
80200,2160,391,1568
80209,2154,-228,2083
80219,2143,-1316,2939
80229,2134,-2151,3465
80239,2112,-4243,5132
80249,2110,-4231,4762
80259,2083,-6719,6577
80269,2094,-5283,4569
80279,2102,-4219,3060
80289,2093,-4908,3267
80299,2084,-5563,3430
80309,2081,-5585,2905
80319,2090,-4405,1393
80329,2088,-4385,917
80339,2093,-3666,-101
80349,2104,-2382,-1570
80359,2125,-163,-3784
80369,2111,-1555,-2408
80379,2113,-1277,-2628
80389,2103,-2214,-1556
80399,2112,-1203,-2365
80409,2130,657,-3734
80419,2122,-175,-2560
80429,2125,132,-2579
80439,2132,826,-2890
80449,2125,84,-1772
80458,2124,-19,-1297
80468,2134,981,-1939
80478,2140,1532,-2095
80488,2133,755,-1023
80498,2116,-982,807
80507,2138,1267,-1346
80517,2134,803,-725
80526,2133,663,-456
80535,2126,-69,419
80544,2134,733,-254
80553,2141,1397,-868
80563,2119,-872,1355
80573,2143,1571,-992
80583,2127,-107,623
80592,2138,998,-421
80601,2138,948,-306
80610,2148,1900,-1197
80620,2133,305,315
80629,2138,790,-167
80638,2141,1050,-292
80648,2156,2498,-1657
80658,2144,1173,-308
80668,2152,1914,-965
80678,2150,1618,-557
80688,2144,937,137
80697,2145,991,56
80706,2156,2041,-799
80716,2158,2139,-859
80726,2159,2132,-703
80736,2148,925,498
80745,2170,3079,-1513
80755,2155,1425,109
80764,2150,854,717
80773,2162,2011,-358
80783,2158,1510,172
80792,2158,1435,177
80801,2153,863,728
80810,2157,1220,325
80819,2156,1059,449
80828,2159,1306,226
80837,2173,2641,-997
80847,2190,4208,-2421
80857,2173,2298,-500
80867,2164,1283,458
80876,2165,1319,448
80885,2159,653,952
80894,2166,1321,278
80903,2198,4454,-2615
80913,2155,-67,1768
80922,2182,2635,-859
80932,2161,403,1302
80941,2166,883,824
80950,2180,2239,-463
80960,2170,1127,653
81030,2168,871,880
81039,2189,2927,-1156
81049,2186,2481,-825
81059,2168,557,982
81068,2181,1829,-253
81078,2163,-62,1545
81087,2171,741,748
81096,2163,-96,1491
81105,2124,-3991,4823
81115,2118,-4391,4935
81125,2110,-4972,5008
81135,2095,-6223,5818
81145,2094,-6012,5147
81155,2076,-7511,5996
81165,2106,-4136,2270
81175,2080,-6529,4169
81185,2081,-6103,3141
81195,2092,-4697,1257
81205,2103,-3362,-338
81215,2110,-2494,-1494
81225,2103,-3069,-1120
81235,2088,-4416,-117
81245,2096,-3395,-1358
81255,2108,-2025,-2597
81265,2102,-2524,-1973
81275,2120,-598,-3608
81285,2098,-2768,-1208
81295,2116,-830,-2800
81305,2127,311,-3420
81315,2128,395,-3203
81325,2120,-423,-1976
81335,2108,-1602,-497
81345,2118,-522,-1299
81355,2117,-596,-1041
81365,2116,-666,-848
81375,2120,-233,-1093
81385,2128,578,-1572
81395,2132,949,-1653
81405,2128,501,-1037
81415,2132,876,-1185
81425,2122,-166,-112
81435,2142,1841,-1813
81445,2138,1349,-1176
81455,2127,181,-17
81464,2122,-327,443
81473,2123,-210,341
81482,2138,1299,-975
81492,2137,1134,-700
81502,2131,478,27
81511,2139,1253,-620
81521,2150,2291,-1489
81531,2137,876,-54
81540,2140,1132,-298
81550,2139,976,-110
81559,2135,527,315
81568,2145,1501,-547
81578,2150,1926,-966
81588,2139,729,188
81597,2133,93,818
81606,2156,2388,-1295
81616,2150,1669,-450
81626,2166,3185,-1841
81636,2170,3426,-1929
81646,2145,755,760
81655,2140,217,1229
81664,2164,2606,-1139
81674,2156,1676,-155
81684,2150,992,519
81693,2148,742,753
81702,2158,1705,-131
81712,2159,1720,-131
81722,2155,1234,308
81731,2159,1572,26
81740,2141,-305,1878
81750,2145,109,1311
81759,2154,1003,372
81768,2156,1153,87
81777,2160,1496,-384
81787,2148,221,855
81796,2148,210,865
81805,2160,1399,-404
81815,2148,129,762
81824,2143,-376,1178
81834,2155,841,-34
81843,2147,0,693
81852,2148,100,485
81861,2156,894,-331
81870,2142,-550,971
81879,2148,77,369
81888,2149,173,277
81897,2164,1664,-1169
81907,2151,281,155
81916,2173,2467,-1965
81926,2149,-55,539
81935,2180,3047,-2374
81945,2152,94,491
81954,2140,-1110,1613
81964,2116,-3454,3752
82035,2075,-7381,7131
82045,2077,-6812,6108
82055,2087,-5471,4396
82065,2078,-6098,4556
82075,2078,-5793,3901
82085,2074,-5903,3613
82095,2077,-5308,2652
82105,2092,-3543,540
82115,2092,-3366,119
82125,2084,-3997,320
82135,2094,-2798,-1061
82145,2082,-3857,-462
82155,2089,-2965,-1558
82165,2088,-2916,-1727
82175,2089,-2671,-1921
82185,2095,-1937,-2291
82195,2105,-840,-2990
82205,2110,-298,-3188
82215,2112,-83,-3001
82225,2128,1520,-4118
82235,2112,-155,-2059
82245,2104,-947,-976
82255,2120,699,-2340
82265,2108,-535,-917
82275,2101,-1208,-57
82285,2108,-448,-661
82295,2127,1474,-2228
82305,2130,1700,-2143
82315,2107,-684,390
82324,2125,1149,-1189
82334,2111,-307,376
82343,2118,407,-255
82352,2127,1287,-1029
82362,2126,1123,-784
82372,2130,1466,-1132
82382,2136,1993,-1515
82392,2119,193,360
82401,2145,2783,-2090
82411,2126,744,33
82420,2125,607,291
82429,2130,1077,-76
82438,2126,623,321
82447,2151,3092,-2054
82457,2150,2837,-1565
82467,2142,1895,-573
82477,2130,600,781
82486,2144,1971,-484
82496,2152,2672,-1093
82506,2146,1938,-305
82516,2152,2441,-743
82526,2142,1319,333
82535,2150,2053,-276
82545,2140,951,704
82554,2156,2503,-731
82564,2128,-421,2125
82574,2133,99,1539
82583,2136,394,1228
82592,2149,1674,-145
82602,2160,2691,-1171
82612,2159,2456,-899
82622,2158,2233,-568
82632,2159,2221,-539
82642,2148,1010,560
82651,2141,260,1199
82660,2150,1147,225
82669,2162,2289,-852
82679,2144,375,950
82688,2164,2356,-937
82698,2148,638,656
82707,2164,2207,-736
82717,2144,96,1373
82726,2158,1491,51
82735,2147,317,1135
82744,2162,1801,-407
82754,2156,1111,192
82763,2156,1055,169
82772,2141,-497,1541
82782,2148,227,764
82791,2142,-383,1332
82801,2154,835,92
82810,2141,-506,1248
82820,2150,419,325
82829,2110,-3601,3949
82839,2103,-4121,4152
82849,2092,-5015,4564
82859,2102,-3764,3056
82869,2060,-7776,6449
82879,2062,-7187,5360
82889,2072,-5828,3492
82899,2055,-7237,4344
82909,2076,-4775,1494
82919,2069,-5236,1639
82929,2054,-6474,2430
82939,2059,-5650,1255
82949,2052,-6068,1213
82959,2078,-3164,-1867
82969,2086,-2206,-3000
83040,2088,-1896,-3197
83050,2095,-1101,-3790
83060,2100,-546,-4047
83070,2100,-519,-3858
83080,2096,-892,-3026
83090,2094,-1048,-2461
83100,2094,-996,-2191
83110,2108,453,-3128
83120,2102,-169,-2198
83130,2101,-260,-1775
83140,2099,-447,-1186
83150,2098,-525,-767
83160,2109,601,-1449
83170,2111,771,-1356
83180,2113,932,-1308
83190,2102,-214,-50
83199,2096,-803,559
83208,2105,136,-335
83217,2118,1430,-1498
83227,2110,558,-530
83236,2120,1530,-1330
83246,2122,1653,-1277
83256,2122,1571,-1120
83266,2114,692,-184
83275,2118,1058,-461
83285,2117,905,-218
83294,2125,1659,-827
83304,2130,2076,-1146
83314,2129,1873,-868
83324,2136,2479,-1372
83334,2130,1755,-516
83344,2136,2267,-824
83354,2140,2554,-949
83364,2138,2226,-569
83374,2124,715,952
83383,2127,979,651
83392,2153,3530,-1774
83402,2138,1853,-78
83411,2131,1061,738
83420,2141,2008,-145
83430,2145,2307,-351
83440,2148,2492,-480
83450,2150,2567,-523
83460,2132,639,1323
83469,2139,1307,577
83478,2138,1142,701
83487,2151,2385,-533
83497,2129,65,1619
83506,2127,-137,1665
83516,2138,969,575
83525,2149,2020,-406
83535,2144,1419,53
83544,2150,1948,-468
83554,2152,2051,-505
83564,2134,148,1273
83573,2147,1441,-77
83582,2150,1669,-359
83592,2148,1385,-155
83602,2172,3716,-2280
83612,2167,3030,-1480
83622,2149,1079,467
83631,2158,1925,-409
83641,2154,1428,177
83650,2154,1357,348
83659,2150,889,811
83668,2157,1545,123
83677,2144,167,1417
83686,2158,1559,0
83695,2154,1081,413
83704,2144,27,1459
83713,2150,626,806
83722,2120,-2405,3566
83732,2110,-3285,4134
83742,2082,-5920,6127
83752,2072,-6624,6188
83762,2078,-5693,4805
83772,2065,-6708,5245
83782,2053,-7573,5509
83792,2078,-4694,2227
83802,2061,-6159,3222
83812,2056,-6351,2888
83822,2079,-3734,10
83831,2084,-3047,-983
83841,2058,-5495,1025
83851,2068,-4220,-532
83861,2069,-3909,-1145
83871,2076,-3014,-2081
83881,2073,-3163,-1924
83891,2069,-3405,-1514
83901,2060,-4134,-618
83911,2061,-3828,-801
83921,2088,-936,-3307
83931,2086,-1089,-2722
83941,2077,-1935,-1692
83951,2092,-338,-2901
83961,2104,878,-3636
83971,2105,934,-3381
84041,2109,1287,-3445
84051,2091,-576,-1253
84061,2103,651,-2157
84071,2108,1119,-2289
84081,2118,2063,-2895
84091,2116,1760,-2263
84101,2116,1672,-1837
84111,2118,1788,-1558
84121,2128,2699,-2033
84131,2113,1064,-265
84141,2131,2810,-1752
84151,2112,770,468
84160,2101,-367,1605
84170,2128,2350,-1015
84180,2128,2232,-810
84190,2132,2521,-1016
84200,2113,495,1080
84209,2124,1570,66
84218,2144,3491,-1696
84228,2139,2817,-972
84238,2126,1376,443
84247,2132,1907,-72
84256,2128,1412,398
84265,2125,1041,657
84274,2142,2689,-881
84284,2138,2155,-390
84294,2136,1847,-11
84303,2136,1755,222
84312,2127,767,1104
84321,2126,628,1136
84330,2146,2597,-827
84340,2116,-532,2234
84350,2127,594,1042
84359,2134,1264,223
84368,2133,1101,272
84377,2140,1746,-347
84387,2137,1358,2
84396,2140,1591,-217
84406,2136,1111,267
84415,2147,2155,-813
84425,2147,2048,-712
84435,2143,1545,-230
84445,2146,1768,-451
84455,2150,2080,-676
84465,2148,1775,-295
84475,2133,187,1132
84484,2136,477,909
84493,2151,1953,-476
84503,2141,856,594
84512,2164,3113,-1528
84522,2165,3057,-1385
84532,2135,-95,1670
84541,2148,1209,339
84550,2162,2549,-903
84560,2146,821,735
84569,2156,1780,-241
84579,2139,-8,1443
84588,2148,891,484
84597,2148,847,447
84606,2149,905,331
84615,2136,-440,1634
84625,2141,81,1086
84634,2142,177,872
84643,2115,-2531,3355
84653,2113,-2604,3047
84663,2093,-4474,4414
84673,2083,-5250,4847
84683,2053,-7988,6972
84693,2055,-7388,5709
84703,2062,-6319,4164
84713,2052,-7003,4263
84723,2071,-4753,1696
84733,2056,-6015,2498
84743,2075,-3814,-13
84753,2060,-5123,893
84763,2058,-5067,529
84773,2056,-5014,136
84783,2079,-2463,-2590
84793,2060,-4240,-927
84803,2072,-2828,-2354
84813,2061,-3787,-1350
84823,2087,-997,-3856
84833,2070,-2647,-1850
84843,2081,-1415,-2684
84853,2084,-1044,-2703
84863,2084,-992,-2354
84873,2098,457,-3456
84883,2099,534,-3097
84893,2103,907,-3156
84903,2101,662,-2524
84913,2113,1829,-3232
84923,2124,2837,-3716
84933,2130,3295,-3791
84943,2117,1830,-1921
84953,2110,1039,-872
84963,2116,1587,-1061
84973,2103,208,397
85043,2114,1297,-428
85053,2130,2832,-1680
85063,2117,1391,-76
85072,2122,1821,-319
85082,2133,2830,-1170
85092,2120,1389,328
85101,2144,3719,-1814
85111,2134,2533,-503
85121,2127,1707,314
85130,2110,-78,1905
85139,2124,1325,370
85148,2131,1959,-255
85158,2134,2161,-382
85168,2121,753,970
85177,2126,1215,574
85186,2135,2054,-213
85196,2142,2651,-822
85206,2146,2919,-988
85216,2142,2373,-405
85226,2146,2654,-698
85236,2133,1221,722
85245,2127,560,1173
85254,2148,2632,-891
85264,2120,-298,1905
85274,2126,316,1317
85283,2149,2600,-881
85293,2136,1170,495
85302,2121,-388,1884
85312,2139,1431,109
85321,2142,1659,-89
85330,2144,1776,-224
85340,2143,1587,-106
85350,2147,1908,-494
85360,2136,712,590
85369,2135,577,587
85378,2164,3448,-2135
85388,2137,576,737
85397,2144,1247,-25
85406,2152,1985,-611
85416,2158,2485,-966
85426,2137,261,1101
85435,2155,2048,-627
85445,2152,1646,-89
85454,2166,2963,-1304
85464,2164,2615,-892
85474,2153,1384,311
85483,2157,1715,-10
85492,2176,3529,-1716
85502,2167,2453,-523
85512,2166,2230,-191
85522,2160,1519,391
85531,2162,1642,338
85540,2164,1760,255
85549,2151,372,1536
85558,2129,-1845,3465
85568,2124,-2253,3705
85578,2094,-5141,6113
85588,2100,-4283,4861
85598,2075,-6569,6511
85608,2088,-4941,4379
85618,2066,-6894,5780
85628,2074,-5749,4137
85638,2060,-6861,4557
85648,2082,-4318,1563
85658,2071,-5202,1951
85668,2074,-4642,980
85678,2069,-4910,811
85688,2076,-3965,-515
85698,2080,-3366,-1362
85708,2085,-2698,-2088
85718,2069,-4163,-750
85728,2087,-2155,-2559
85738,2090,-1747,-2798
85748,2092,-1460,-2745
85758,2093,-1287,-2674
85768,2094,-1123,-2453
85778,2096,-866,-2384
85788,2103,-123,-2678
85798,2110,582,-3058
85808,2112,753,-2831
85818,2113,816,-2530
85828,2123,1775,-3043
85838,2095,-1113,35
85847,2122,1642,-2386
85857,2116,960,-1460
85867,2126,1912,-2007
85877,2135,2716,-2487
85887,2118,880,-476
85896,2139,2936,-2239
85906,2104,-710,1446
85916,2103,-774,1533
85926,2127,1664,-736
85936,2120,880,113
85945,2124,1236,-198
85955,2121,875,171
85964,2119,631,402
85973,2138,2499,-1417
85983,2132,1774,-499
86053,2137,2185,-874
86063,2136,1976,-597
86073,2151,3377,-1900
86083,2128,908,447
86092,2136,1663,-254
86102,2154,3380,-1942
86112,2149,2711,-1045
86122,2140,1675,153
86131,2151,2691,-793
86141,2140,1457,478
86150,2140,1384,561
86159,2148,2115,-86
86168,2148,2009,111
86177,2137,808,1199
86186,2137,768,1172
86195,2148,1830,87
86204,2153,2238,-303
86214,2136,426,1311
86223,2162,3005,-1127
86233,2151,1755,128
86242,2152,1767,9
86251,2164,2878,-1091
86261,2156,1935,-130
86271,2144,638,1029
86280,2170,3206,-1421
86290,2182,4246,-2270
86300,2169,2733,-717
86310,2164,2096,-74
86319,2162,1792,295
86328,2174,2902,-672
86338,2165,1857,374
86347,2158,1064,1089
86357,2168,2011,248
86366,2175,2610,-377
86376,2176,2580,-291
86386,2161,951,1282
86395,2178,2603,-388
86405,2173,1973,244
86414,2172,1775,518
86423,2176,2085,133
86432,2176,1981,86
86441,2156,-117,1995
86451,2161,388,1375
86460,2159,169,1486
86469,2149,-839,2245
86479,2145,-1197,2400
86489,2127,-2937,3873
86499,2090,-6490,6859
86509,2085,-6666,6416
86519,2076,-7232,6329
86529,2079,-6571,5166
86539,2080,-6142,4154
86549,2072,-6635,4073
86559,2058,-7703,4509
86569,2063,-6818,3030
86579,2067,-6077,1752
86589,2065,-5973,1258
86599,2066,-5575,462
86609,2073,-4596,-834
86619,2062,-5466,-272
86629,2070,-4392,-1559
86639,2071,-4073,-1954
86649,2062,-4769,-1143
86659,2085,-2231,-3386
86669,2082,-2419,-2876
86679,2080,-2498,-2526
86689,2092,-1173,-3519
86699,2090,-1315,-3023
86709,2076,-2649,-1352
86719,2104,283,-3811
86729,2099,-231,-2907
86739,2093,-819,-1975
86749,2089,-1178,-1323
86759,2096,-419,-1804
86769,2109,901,-2700
86779,2100,-43,-1465
86789,2106,558,-1759
86799,2111,1030,-1844
86809,2100,-121,-552
86819,2094,-714,155
86828,2110,920,-1252
86838,2093,-825,517
86847,2102,116,-328
86856,2117,1610,-1539
86866,2098,-370,397
86875,2095,-651,651
86884,2118,1680,-1514
86894,2108,596,-312
86903,2112,966,-589
86912,2119,1618,-1193
86922,2112,837,-353
86931,2116,1195,-669
86941,2124,1935,-1349
86951,2136,3039,-2241
86961,2134,2687,-1663
86971,2127,1852,-766
86981,2134,2460,-1155
86991,2139,2837,-1350
87061,2134,2195,-669
87071,2130,1685,-23
87080,2127,1301,491
87089,2131,1636,153
87098,2147,3154,-1194
87108,2145,2796,-714
87118,2140,2157,-38
87127,2146,2649,-410
87137,2136,1516,743
87146,2150,2840,-519
87156,2151,2798,-494
87166,2152,2758,-449
87176,2159,3320,-913
87186,2146,1854,512
87195,2143,1462,813
87204,2154,2489,-194
87214,2163,3264,-864
87224,2150,1801,632
87233,2154,2111,353
87242,2153,1905,475
87251,2171,3610,-1174
87261,2149,1229,1144
87271,2156,1868,453
87280,2151,1275,1031
87290,2152,1311,892
87299,2176,3645,-1385
87309,2164,2263,-35
87318,2156,1350,746
87327,2173,2982,-811
87337,2168,2333,-104
87347,2148,216,1861
87356,2159,1305,641
87365,2173,2640,-637
87375,2147,-91,1947
87384,2170,2213,-336
87394,2157,802,887
87403,2136,-1337,2856
87413,2128,-2070,3326
87423,2098,-4967,5807
87433,2077,-6818,7116
87443,2083,-5877,5540
87453,2078,-6083,5190
87463,2061,-7479,5997
87473,2074,-5805,3737
87483,2061,-6815,4137
87493,2077,-4874,1857
87503,2092,-3130,-182
87513,2076,-4574,780
87523,2084,-3545,-478
87533,2091,-2668,-1681
87543,2076,-4035,-637
87553,2087,-2733,-2032
87563,2077,-3596,-1270
87573,2093,-1816,-2840
87583,2079,-3125,-1285
87593,2096,-1269,-2834
87603,2098,-1006,-2758
87613,2098,-955,-2374
87623,2104,-308,-2655
87633,2102,-492,-2049
87643,2113,632,-2807
87653,2104,-299,-1686
87663,2130,2315,-3842
87673,2131,2299,-3437
87683,2115,584,-1505
87693,2130,2055,-2569
87703,2130,1952,-2154
87713,2112,55,-13
87722,2112,52,113
87731,2122,1049,-605
87741,2111,-102,624
87750,2099,-1297,1800
87760,2111,-32,597
87769,2128,1668,-972
87779,2128,1585,-750
87789,2118,506,319
87798,2128,1480,-535
87808,2116,206,597
87817,2118,396,280
87826,2134,1976,-1206
87836,2130,1477,-746
87846,2140,2403,-1642
87856,2125,783,26
87865,2142,2444,-1474
87875,2130,1122,-147
87885,2135,1566,-480
87895,2149,2887,-1522
87905,2139,1743,-260
87915,2128,556,852
87924,2136,1328,63
87933,2144,2062,-566
87943,2154,2958,-1364
87953,2136,1010,637
87962,2141,1460,258
87971,2141,1387,292
87980,2146,1817,-115
87990,2137,826,770
87999,2144,1485,158
88069,2166,3611,-1889
88079,2157,2530,-715
88089,2152,1904,-66
88098,2154,2008,-229
88108,2159,2408,-584
88118,2159,2288,-348
88128,2152,1473,475
88137,2159,2100,-148
88147,2172,3295,-1321
88157,2164,2330,-268
88167,2168,2614,-475
88177,2166,2283,-84
88186,2182,3769,-1440
88196,2161,1480,891
88205,2159,1206,1147
88215,2172,2446,-170
88225,2179,3023,-714
88235,2172,2172,154
88244,2163,1164,1106
88254,2163,1105,1077
88264,2170,1750,396
88273,2158,462,1617
88282,2178,2439,-336
88292,2180,2517,-466
88302,2173,1692,316
88311,2132,-2492,4160
88321,2130,-2567,3912
88331,2116,-3839,4677
88341,2104,-4847,5263
88351,2093,-5705,5659
88361,2082,-6519,5877
88371,2090,-5394,4190
88381,2070,-7124,5300
88391,2090,-4767,2548
88401,2073,-6229,3521
88411,2099,-3317,271
88421,2105,-2552,-694
88431,2106,-2324,-1240
88441,2089,-3908,-84
88451,2095,-3112,-1200
88461,2095,-2957,-1387
88471,2092,-3109,-1271
88481,2103,-1853,-2394
88491,2089,-3161,-974
88501,2104,-1503,-2352
88511,2117,-128,-3301
88521,2111,-721,-2396
88531,2115,-285,-2376
88541,2130,1228,-3491
88551,2128,967,-2749
88561,2124,518,-2045
88571,2136,1692,-2936
88581,2134,1408,-2403
88591,2120,-62,-676
88600,2128,741,-1222
88610,2115,-596,271
88619,2109,-1166,971
88629,2129,892,-903
88638,2139,1847,-1525
88648,2112,-944,1304
88658,2129,802,-380
88667,2116,-537,971
88676,2126,489,-3
88685,2143,2164,-1617
88695,2150,2756,-2089
88705,2142,1818,-1065
88715,2127,227,428
88724,2126,116,453
88733,2136,1110,-462
88743,2127,155,453
88752,2139,1347,-608
88762,2130,379,461
88771,2150,2360,-1421
88781,2148,2042,-1090
88791,2148,1940,-795
88801,2155,2543,-1282
88811,2138,716,628
88820,2152,2080,-629
88830,2140,776,581
88839,2138,537,672
88848,2136,310,798
88857,2160,2695,-1420
88867,2141,660,650
88876,2153,1827,-468
88886,2140,436,940
88895,2160,2414,-966
88905,2136,-106,1522
88915,2142,498,792
88924,2143,573,619
88933,2152,1445,-284
88943,2150,1173,-103
88953,2148,914,168
88962,2169,2968,-1826
88972,2167,2620,-1355
88982,2150,789,492
88991,2172,2949,-1492
89001,2167,2302,-871
89071,2154,887,559
89080,2174,2842,-1328
89090,2171,2400,-755
89100,2159,1080,475
89109,2161,1226,418
89118,2172,2265,-502
89128,2163,1251,555
89137,2167,1589,228
89146,2180,2809,-883
89156,2172,1869,120
89165,2164,975,881
89174,2172,1727,70
89183,2159,340,1427
89192,2181,2523,-784
89202,2159,197,1401
89211,2163,587,991
89220,2148,-941,2268
89230,2131,-2594,3588
89240,2095,-6064,6582
89250,2106,-4661,4786
89260,2107,-4328,4013
89270,2084,-6412,5586
89280,2086,-5891,4567
89290,2076,-6596,4645
89300,2061,-7767,5173
89310,2090,-4478,1521
89320,2089,-4354,991
89330,2078,-5237,1502
89340,2100,-2775,-1312
89350,2095,-3136,-1173
89360,2092,-3279,-1288
89370,2096,-2715,-1970
89380,2093,-2879,-1825
89390,2098,-2235,-2214
89400,2091,-2824,-1503
89410,2110,-782,-3308
89420,2109,-843,-2876
89430,2117,-1,-3325
89439,2096,-2101,-926
89449,2104,-1196,-1393
89459,2113,-236,-2070
89469,2128,1275,-3206
89479,2113,-288,-1312
89489,2121,525,-1907
89499,2138,2199,-3225
89509,2124,689,-1450
89519,2137,1955,-2404
89529,2111,-742,435
89538,2120,194,-339
89547,2135,1684,-1529
89557,2121,200,20
89566,2122,290,5
89575,2111,-823,1065
89585,2136,1717,-1220
89595,2128,831,-199
89604,2138,1789,-1023
89614,2140,1900,-1092
89624,2135,1305,-390
89634,2123,39,842
89643,2139,1637,-793
89653,2149,2556,-1587
89663,2150,2528,-1520
89673,2132,601,495
89682,2139,1271,-103
89692,2159,3208,-1937
89702,2155,2647,-1214
89712,2152,2215,-653
89722,2150,1904,-160
89732,2146,1409,313
89741,2160,2739,-888
89751,2147,1301,515
89760,2134,-63,1750
89769,2151,1640,69
89778,2145,958,812
89787,2153,1710,65
89796,2152,1524,181
89805,2139,148,1399
89814,2166,2841,-1143
89824,2146,698,960
89833,2154,1464,78
89842,2162,2190,-678
89852,2151,981,448
89861,2145,332,993
89870,2149,715,563
89879,2152,979,181
89888,2152,930,205
89897,2167,2384,-1084
89907,2146,165,1036
89916,2151,656,524
89925,2157,1223,-74
89934,2157,1162,-37
89943,2167,2104,-849
89953,2166,1899,-706
89963,2165,1704,-444
89973,2169,2019,-722
89983,2176,2618,-1293
89993,2161,987,338
90002,2182,3037,-1531
90073,2159,585,911
90082,2162,856,632
90091,2168,1414,107
90100,2148,-656,1975
90110,2160,576,769
90119,2159,447,884
90128,2144,-1075,2253
90138,2152,-221,1308
90148,2124,-3010,3755
90158,2125,-2759,3194
90168,2098,-5321,5288
90178,2092,-5655,5110
90188,2072,-7373,6161
90198,2087,-5504,3860
90208,2064,-7528,5180
90218,2064,-7152,4288
90228,2060,-7194,3793
90238,2072,-5635,1764
90248,2068,-5753,1542
90258,2071,-5165,571
90268,2062,-5807,796
90278,2082,-3517,-1656
90288,2068,-4741,-733
90298,2099,-1404,-3963
90308,2089,-2333,-3005
90318,2106,-517,-4501
90328,2085,-2591,-2223
90338,2100,-961,-3425
90348,2104,-513,-3540
90358,2096,-1287,-2350
90368,2112,376,-3512
90378,2103,-542,-2150
90388,2124,1584,-3796
90398,2112,305,-2113
90408,2119,990,-2387
90418,2116,640,-1608
90428,2133,2308,-2887
90438,2108,-306,23
90447,2121,1008,-1131
90457,2127,1558,-1421
90467,2114,180,3
90476,2127,1471,-1017
90486,2120,697,-132
90495,2136,2262,-1513
90505,2125,1049,-143
90515,2138,2297,-1263
90525,2128,1182,-33
90534,2128,1123,-5
90543,2136,1866,-644
90553,2146,2773,-1432
90563,2112,-765,2012
90573,2133,1373,-188
90583,2152,3204,-1785
90593,2140,1844,-369
90603,2133,1051,388
90612,2154,3099,-1464
90622,2138,1344,282
90631,2142,1677,15
90640,2158,3193,-1438
90650,2165,3733,-1800
90660,2160,3047,-1063
90670,2153,2194,-144
90680,2152,1985,123
90689,2156,2285,-149
90699,2164,2971,-822
90709,2158,2223,125
90718,2162,2511,-87
90727,2161,2286,77
90736,2178,3871,-1373
90746,2172,3078,-444
90756,2170,2724,-115
90766,2162,1788,849
90775,2166,2098,567
90784,2164,1793,779
90793,2164,1703,733
90802,2157,918,1376
90811,2158,973,1241
90820,2164,1524,659
90829,2185,3548,-1280
90839,2167,1570,603
90848,2166,1392,726
90857,2162,922,1090
90866,2159,576,1322
90875,2181,2747,-923
90885,2175,2010,-257
90895,2194,3809,-1984
90905,2195,3719,-1765
90915,2177,1733,196
90924,2167,646,1206
90933,2164,314,1446
90942,2192,3098,-1192
90952,2197,3443,-1373
90962,2176,1171,875
90971,2184,1912,25
90980,2198,3217,-1169
90990,2195,2756,-617
91000,2176,718,1406
91009,2194,2482,-230
91079,2109,-6141,7800
91089,2112,-5534,6690
91099,2110,-5457,5996
91109,2106,-5584,5503
91119,2113,-4605,4101
91129,2096,-6075,5123
91139,2107,-4671,3386
91149,2110,-4137,2370
91159,2108,-4131,1859
91169,2116,-3124,566
91179,2119,-2668,-195
91189,2136,-834,-2299
91199,2128,-1592,-1830
91209,2122,-2113,-1499
91219,2128,-1407,-2464
91229,2154,1262,-4641
91239,2141,-100,-2915
91249,2146,404,-3029
91259,2140,-215,-2051
91269,2148,594,-2515
91279,2137,-534,-1016
91289,2154,1192,-2352
91299,2154,1132,-1941
91309,2146,275,-791
91318,2159,1562,-1765
91328,2152,783,-756
91337,2160,1544,-1358
91347,2143,-232,508
91356,2148,279,156
91365,2133,-1234,1682
91375,2146,126,244
91384,2155,1020,-574
91394,2145,-30,448
91403,2162,1671,-1127
91413,2155,887,-324
91422,2159,1242,-561
91432,2143,-419,993
91441,2137,-998,1430
91451,2126,-2048,2325
91461,2146,54,122
91470,2164,1851,-1603
91480,2167,2058,-1776
91490,2149,155,152
91499,2177,2948,-2462
91509,2162,1300,-645
91519,2140,-964,1546
91529,2170,2083,-1430
91539,2159,879,-166
91548,2168,1735,-1017
91558,2164,1248,-506
91568,2166,1386,-635
91578,2177,2417,-1476
91588,2161,696,357
91597,2163,861,386
91606,2181,2618,-1199
91616,2176,1987,-559
91626,2180,2288,-845
91636,2163,473,990
91645,2172,1350,7
91654,2178,1882,-486
91664,2181,2088,-488
91674,2179,1783,-204
91684,2178,1594,32
91693,2188,2515,-835
91703,2197,3289,-1473
91713,2180,1425,393
91722,2180,1353,393
91731,2168,85,1620
91740,2175,781,919
91749,2188,2042,-379
91759,2198,2940,-1213
91769,2203,3293,-1500
91779,2186,1428,428
91788,2196,2357,-433
91798,2169,-460,2228
91808,2182,862,823
91817,2196,2219,-503
91827,2178,308,1321
91836,2198,2292,-678
91846,2182,578,855
91855,2201,2449,-947
91865,2172,-573,1946
91875,2177,-44,1409
91884,2184,657,699
91893,2178,25,1197
91902,2192,1423,-302
91912,2178,-47,946
91921,2192,1354,-461
91931,2156,-2312,2895
91941,2148,-2997,3410
91951,2123,-5347,5346
91961,2116,-5780,5245
91971,2108,-6291,5316
91981,2102,-6576,5011
91991,2107,-5747,3760
92001,2095,-6660,4065
92011,2093,-6527,3535
92081,2100,-5500,2145
92091,2119,-3325,-294
92101,2104,-4659,726
92111,2113,-3526,-736
92121,2138,-850,-3466
92131,2130,-1607,-2906
92141,2129,-1627,-2841
92151,2118,-2646,-1798
92161,2111,-3213,-1089
92171,2154,1246,-5081
92181,2132,-1015,-2467
92191,2139,-264,-2797
92201,2134,-751,-1977
92211,2134,-713,-1618
92221,2128,-1278,-704
92231,2134,-614,-1042
92241,2132,-783,-703
92251,2136,-344,-855
92261,2136,-326,-659
92271,2135,-410,-545
92281,2140,109,-951
92290,2154,1504,-2137
92300,2132,-771,262
92309,2156,1667,-1850
92319,2158,1784,-1931
92329,2144,294,-354
92338,2134,-719,629
92347,2133,-783,691
92356,2148,755,-749
92365,2152,1117,-952
92375,2141,-38,242
92384,2150,863,-550
92393,2161,1920,-1456
92403,2152,924,-376
92412,2162,1878,-1177
92422,2153,884,-132
92431,2178,3340,-2465
92441,2169,2273,-1195
92451,2169,2159,-1049
92461,2164,1551,-456
92471,2169,1973,-767
92481,2185,3475,-1988
92491,2168,1601,43
92500,2182,2921,-1131
92510,2164,975,804
92519,2183,2826,-855
92529,2169,1285,714
92538,2175,1821,171
92547,2166,830,1156
92556,2169,1088,845
92565,2179,2033,-23
92574,2164,432,1384
92583,2194,3410,-1518
92593,2186,2440,-529
92603,2166,317,1510
92612,2171,802,948
92621,2180,1662,-32
92630,2156,-821,2289
92640,2176,1219,135
92649,2192,2758,-1285
92659,2177,1121,239
92668,2169,265,1026
92677,2177,1051,188
92686,2174,699,532
92695,2195,2764,-1420
92705,2196,2726,-1336
92715,2189,1889,-402
92725,2189,1795,-415
92735,2198,2605,-1214
92745,2194,2075,-567
92755,2203,2871,-1225
92765,2205,2927,-1197
92775,2191,1381,495
92784,2208,3012,-1016
92794,2187,761,1101
92803,2188,823,1019
92812,2168,-1217,2962
92822,2172,-756,2380
92832,2148,-3118,4488
92842,2150,-2762,3763
92852,2140,-3624,4202
92862,2118,-5643,5718
92872,2114,-5761,5332
92882,2124,-4473,3573
92892,2104,-6249,4794
92902,2116,-4737,2774
92912,2123,-3800,1389
92922,2114,-4510,1706
92932,2108,-4884,1554
92942,2112,-4240,576
92952,2122,-3028,-892
92962,2136,-1476,-2460
92972,2130,-2003,-2017
92982,2124,-2503,-1476
92992,2127,-2077,-1856
93002,2142,-473,-3250
93012,2120,-2650,-874
93083,2146,82,-3217
93092,2160,1478,-4216
93102,2154,804,-3072
93112,2152,564,-2478
93122,2169,2235,-3748
93132,2150,223,-1420
93142,2165,1712,-2469
93152,2166,1727,-2086
93162,2158,840,-941
93171,2160,998,-934
93180,2158,748,-501
93189,2145,-588,963
93198,2162,1140,-550
93208,2158,683,-16
93217,2152,49,797
93226,2166,1447,-509
93236,2164,1174,-257
93246,2156,316,569
93255,2167,1400,-459
93265,2171,1730,-823
93275,2174,1943,-922
93285,2184,2846,-1749
93295,2187,3004,-1821
93305,2177,1853,-603
93315,2188,2861,-1487
93325,2180,1918,-466
93335,2169,722,817
93344,2193,3086,-1417
93354,2172,832,847
93363,2169,490,1218
93372,2169,465,1177
93381,2193,2842,-1088
93391,2189,2300,-413
93401,2190,2285,-339
93411,2207,3871,-1782
93421,2186,1577,486
93430,2186,1498,475
93439,2191,1923,-21
93448,2191,1827,72
93457,2190,1636,182
93466,2178,354,1359
93475,2208,3336,-1448
93485,2184,769,964
93494,2197,2031,-217
93504,2210,3229,-1232
93514,2184,468,1528
93523,2198,1844,85
93532,2180,-47,1821
93541,2208,2755,-949
93551,2199,1717,-55
93560,2188,531,1060
93569,2198,1504,87
93578,2210,2629,-990
93588,2200,1498,119
93597,2196,1023,553
93606,2201,1471,179
93615,2205,1798,-250
93625,2196,808,742
93634,2200,1167,325
93643,2189,9,1269
93652,2204,1508,-160
93662,2202,1233,73
93671,2193,271,1056
93680,2204,1358,-123
93690,2176,-1509,2529
93700,2164,-2633,3443
93710,2165,-2402,2951
93720,2149,-3882,3996
93730,2146,-3988,3737
93740,2147,-3688,3123
93750,2122,-6004,4940
93760,2109,-7003,5353
93770,2127,-4853,2826
93780,2117,-5611,3131
93790,2118,-5230,2401
93800,2137,-3069,-65
93810,2133,-3315,-121
93820,2128,-3650,-48
93830,2117,-4567,473
93840,2131,-2939,-1250
93850,2136,-2292,-1874
93860,2134,-2377,-1787
93870,2142,-1458,-2544
93880,2154,-185,-3564
93890,2147,-876,-2686
93900,2155,-32,-3131
93910,2134,-2130,-708
93920,2146,-824,-1746
93930,2148,-583,-1652
93940,2149,-453,-1463
93950,2158,468,-2149
93960,2149,-454,-1035
93970,2155,167,-1403
93980,2172,1859,-2667
93990,2170,1566,-2073
94000,2153,-211,-156
94010,2160,498,-675
94019,2147,-826,691
94089,2170,1515,-1536
94099,2179,2339,-2146
94109,2167,1022,-759
94119,2176,1871,-1341
94129,2174,1577,-887
94139,2190,3098,-2162
94149,2175,1444,-381
94159,2172,1071,30
94168,2194,3217,-1870
94178,2199,3557,-1983
94188,2175,979,535
94197,2183,1730,-204
94207,2192,2543,-834
94217,2193,2516,-672
94227,2187,1791,227
94236,2188,1801,236
94245,2193,2211,-182
94255,2170,-199,2146
94265,2201,2910,-893
94275,2193,1965,77
94284,2199,2466,-466
94294,2206,3043,-936
94304,2204,2691,-476
94314,2200,2156,-12
94323,2189,948,1021
94332,2189,901,1063
94341,2190,956,957
94350,2184,308,1456
94359,2186,493,1136
94368,2191,968,606
94377,2190,819,689
94386,2189,679,728
94395,2215,3245,-1608
94405,2205,2082,-500
94415,2213,2778,-1142
94425,2207,2039,-432
94435,2204,1637,-123
94445,2208,1955,-490
94455,2210,2058,-599
94465,2212,2155,-616
94475,2202,1047,501
94484,2212,1994,-377
94494,2212,1895,-171
94504,2214,2000,-176
94514,2198,300,1479
94523,2218,2285,-408
94533,2206,971,925
94542,2203,622,1099
94551,2202,491,1124
94560,2199,167,1274
94569,2191,-641,1904
94579,2162,-3509,4429
94589,2161,-3433,3994
94599,2129,-6462,6454
94609,2117,-7339,6698
94619,2142,-4471,3463
94629,2128,-5648,4130
94639,2127,-5466,3457
94649,2117,-6192,3637
94659,2126,-4983,2075
94669,2136,-3733,425
94679,2126,-4547,870
94689,2140,-2919,-992
94699,2128,-3973,-236
94709,2141,-2475,-1911
94719,2139,-2551,-1962
94729,2138,-2523,-1924
94739,2142,-1997,-2354
94749,2132,-2897,-1217
94759,2144,-1552,-2176
94769,2148,-1075,-2427
94779,2144,-1421,-1799
94789,2149,-850,-2062
94799,2143,-1407,-1186
94809,2160,362,-2600
94819,2163,644,-2590
94829,2152,-487,-1187
94839,2167,1036,-2448
94849,2161,384,-1505
94859,2161,365,-1297
94869,2152,-552,-245
94879,2160,275,-886
94888,2156,-139,-348
94898,2142,-1532,1135
94908,2150,-655,318
94917,2154,-222,-57
94926,2159,288,-454
94935,2144,-1225,1034
94945,2166,1035,-1063
94955,2148,-816,709
94964,2154,-175,13
94973,2172,1633,-1653
94983,2191,3451,-3310
94993,2163,478,-331
95002,2182,2355,-2075
95012,2189,2937,-2424
95022,2179,1790,-1176
95093,2196,3400,-2551
95103,2202,3830,-2623
95113,2199,3339,-1866
95123,2190,2272,-632
95133,2191,2258,-487
95143,2192,2245,-243
95153,2190,1933,128
95162,2197,2536,-250
95172,2186,1310,1074
95182,2182,844,1487
95191,2192,1802,420
95200,2185,1012,1245
95210,2191,1561,643
95219,2198,2183,-28
95228,2215,3774,-1487
95238,2196,1685,487
95247,2175,-498,2382
95257,2198,1826,-42
95266,2202,2134,-360
95276,2189,728,943
95285,2189,691,876
95294,2202,1957,-387
95304,2210,2659,-1081
95314,2204,1926,-306
95324,2196,1030,601
95333,2210,2378,-708
95343,2192,459,1173
95352,2208,2036,-371
95362,2210,2134,-473
95372,2197,728,730
95381,2205,1491,-46
95390,2196,517,996
95399,2198,691,746
95408,2217,2556,-1090
95418,2209,1628,-103
95428,2194,47,1435
95437,2203,944,470
95446,2187,-702,1893
95456,2160,-3367,4205
95466,2180,-1198,1888
95476,2151,-4038,4300
95486,2148,-4136,4092
95496,2134,-5330,4794
95506,2129,-5563,4514
95516,2134,-4785,3369
95526,2127,-5246,3380
95536,2112,-6483,4151
95546,2107,-6659,3837
95556,2117,-5326,1978
95566,2119,-4860,1079
95576,2142,-2317,-1620
95586,2117,-4701,387
95596,2140,-2166,-2245
95606,2120,-4058,-400
95616,2135,-2355,-2180
95626,2120,-3737,-777
95636,2143,-1250,-3072
95646,2146,-887,-3138
95656,2142,-1243,-2494
95666,2162,818,-4183
95676,2137,-1722,-1407
95686,2162,863,-3503
95696,2164,1020,-3148
95706,2148,-630,-1184
95716,2163,901,-2332
95726,2152,-244,-1048
95736,2160,568,-1509
95746,2160,539,-1300
95756,2160,512,-969
95765,2152,-312,-7
95774,2157,202,-260
95783,2164,892,-807
95792,2163,748,-553
95801,2174,1810,-1412
95811,2168,1120,-702
95821,2160,264,286
95830,2166,850,-301
95839,2178,2008,-1392
95849,2164,507,183
95858,2158,-117,741
95867,2195,3588,-2709
95877,2181,2008,-1034
95887,2199,3708,-2522
95897,2194,3023,-1669
95907,2194,2871,-1305
95917,2172,528,1059
95926,2183,1601,32
95935,2190,2221,-488
95945,2191,2210,-451
95955,2207,3700,-1768
95965,2201,2915,-806
95975,2185,1169,960
95984,2187,1310,772
95993,2202,2745,-512
96003,2193,1708,646
96012,2202,2522,-239
96022,2207,2896,-554
96032,2215,3551,-1220
96103,2198,1674,567
96112,2203,2090,99
96121,2204,2085,207
96130,2194,981,1270
96139,2199,1432,767
96148,2207,2160,35
96157,2196,953,1060
96166,2189,205,1627
96175,2219,3194,-1227
96185,2208,1935,74
96194,2206,1638,296
96203,2191,56,1768
96212,2197,653,1046
96221,2204,1321,274
96230,2204,1255,187
96239,2216,2392,-901
96249,2200,672,723
96258,2200,639,660
96267,2201,707,574
96276,2217,2271,-934
96286,2216,2058,-727
96296,2215,1855,-464
96306,2219,2162,-641
96316,2212,1354,43
96325,2202,286,1001
96334,2188,-1127,2231
96344,2176,-2271,3220
96354,2166,-3157,3852
96364,2156,-4000,4339
96374,2139,-5500,5389
96384,2133,-5825,5166
96394,2132,-5633,4554
96404,2132,-5351,3873
96414,2128,-5484,3593
96424,2127,-5310,2913
96434,2142,-3544,774
96444,2120,-5567,2302
96454,2147,-2589,-992
96464,2136,-3559,-349
96474,2134,-3581,-585
96484,2128,-4002,-356
96494,2140,-2602,-1778
96504,2131,-3372,-1022
96514,2136,-2703,-1605
96524,2125,-3668,-518
96534,2146,-1385,-2505
96544,2145,-1415,-2193
96554,2154,-444,-2837
96564,2155,-322,-2615
96574,2154,-406,-2204
96584,2144,-1386,-1080
96594,2162,482,-2546
96604,2152,-541,-1386
96614,2167,985,-2610
96624,2154,-363,-1046
96634,2164,654,-1753
96644,2152,-578,-386
96654,2154,-349,-413
96664,2158,68,-646
96673,2142,-1535,1099
96683,2162,541,-849
96692,2164,714,-880
96701,2155,-221,70
96710,2168,1089,-1146
96720,2172,1435,-1368
96730,2162,363,-180
96739,2154,-454,575
96748,2174,1568,-1306
96758,2179,1989,-1661
96768,2172,1190,-758
96778,2157,-369,732
96787,2184,2349,-1790
96797,2174,1231,-567
96807,2186,2370,-1552
96817,2174,1051,-61
96826,2189,2499,-1378
96836,2185,1974,-769
96846,2180,1375,-64
96855,2188,2106,-727
96865,2188,2001,-584
96875,2164,-498,1857
96885,2194,2526,-968
96895,2180,1000,519
96904,2187,1650,-152
96914,2198,2667,-1071
96924,2183,1033,655
96933,2184,1082,522
96942,2175,128,1403
96951,2176,221,1166
96960,2198,2410,-931
96970,2180,490,854
96979,2201,2565,-1181
96989,2185,837,510
96998,2202,2495,-1121
97008,2207,2870,-1438
97018,2198,1827,-240
97028,2200,1935,-388
97038,2196,1439,138
97108,2181,-132,1591
97118,2196,1373,-1
97127,2192,905,458
97136,2208,2459,-1004
97146,2189,436,1039
97155,2184,-85,1540
97164,2198,1319,63
97173,2204,1853,-379
97183,2214,2760,-1274
97193,2208,2022,-457
97203,2208,1921,-394
97213,2184,-574,1872
97223,2173,-1645,2711
97233,2170,-1863,2676
97243,2145,-4270,4702
97253,2137,-4857,4974
97263,2121,-6214,5825
97273,2114,-6603,5714
97283,2125,-5173,3774
97293,2098,-7614,5679
97303,2097,-7333,4915
97313,2106,-6067,3156
97323,2100,-6363,2905
97333,2113,-4745,786
97343,2106,-5208,767
97353,2103,-5248,329
97363,2112,-4085,-1067
97373,2109,-4181,-1140
97383,2100,-4872,-650
97393,2112,-3428,-2037
97403,2095,-4957,-516
97413,2101,-4109,-1223
97423,2122,-1803,-3208
97433,2116,-2313,-2508
97443,2124,-1398,-3009
97453,2124,-1328,-2679
97463,2130,-661,-2985
97473,2123,-1328,-1982
97483,2134,-162,-2843
97493,2130,-553,-2141
97503,2127,-826,-1574
97513,2139,415,-2515
97523,2130,-505,-1349
97533,2140,519,-2015
97543,2139,393,-1635
97553,2146,1073,-1913
97563,2154,1820,-2264
97573,2165,2829,-2964
97583,2134,-412,403
97592,2145,708,-576
97601,2160,2173,-1807
97611,2148,864,-397
97620,2152,1221,-583
97630,2162,2160,-1368
97640,2144,251,593
97649,2144,239,677
97658,2153,1127,-163
97668,2174,3171,-1961
97678,2186,4212,-2756
97688,2157,1101,400
97697,2163,1646,-105
97707,2173,2564,-973
97717,2193,4436,-2738
97727,2178,2714,-808
97737,2187,3478,-1387
97747,2182,2804,-671
97757,2178,2264,-38
97766,2183,2651,-329
97776,2168,1018,1226
97786,2191,3267,-821
97796,2186,2604,0
97805,2185,2374,313
97814,2174,1155,1397
97824,2174,1097,1247
97834,2184,2042,365
97843,2188,2340,113
97852,2180,1423,954
97861,2170,352,1753
97870,2187,2034,26
97879,2173,533,1331
97888,2192,2406,-568
97898,2200,3085,-1193
97908,2183,1231,566
97917,2181,970,824
97926,2193,2121,-403
97936,2193,2015,-336
97946,2184,1014,573
97955,2184,964,611
97964,2199,2416,-752
97974,2185,894,692
97983,2211,3450,-1789
97993,2212,3377,-1586
98003,2189,908,919
98012,2204,2363,-513
98022,2213,3145,-1120
98032,2223,3987,-1857
98042,2210,2488,-398
98112,2220,3364,-1131
98122,2220,3196,-815
98132,2202,1236,1085
98142,2194,374,1837
98151,2168,-2244,4239
98161,2148,-4132,5787
98171,2168,-1925,3291
98181,2134,-5229,6186
98191,2132,-5167,5550
98201,2126,-5509,5299
98211,2125,-5333,4708
98221,2140,-3567,2546
98231,2146,-2788,1371
98241,2138,-3449,1537
98251,2156,-1476,-699
98261,2149,-2103,-438
98271,2142,-2698,-236
98281,2163,-462,-2584
98291,2143,-2439,-795
98301,2161,-517,-2602
98311,2160,-592,-2291
98321,2150,-1562,-1297
98331,2140,-2484,-192
98341,2144,-1960,-502
98351,2168,537,-2597
98361,2176,1310,-2927
98371,2157,-654,-768
98381,2174,1078,-2243
98391,2175,1124,-1984
98401,2176,1167,-1851
98411,2159,-590,7
98420,2168,339,-719
98429,2169,422,-743
98438,2164,-98,-66
98447,2177,1206,-1256
98457,2170,445,-426
98466,2168,223,-85
98475,2164,-187,478
98484,2165,-78,494
98493,2160,-574,916
98502,2165,-45,297
98511,2164,-143,429
98520,2175,963,-685
98529,2192,2615,-2237
98539,2180,1284,-899
98549,2175,720,-247
98558,2178,984,-468
98567,2196,2735,-2065
98577,2198,2798,-1935
98587,2186,1458,-578
98597,2185,1285,-349
98607,2200,2721,-1618
98617,2195,2085,-831
98627,2199,2381,-963
98637,2204,2762,-1121
98647,2200,2223,-431
98657,2210,3112,-1103
98667,2191,1057,958
98676,2210,2904,-869
98686,2211,2858,-719
98696,2203,1916,303
98705,2200,1520,734
98714,2206,2044,164
98723,2204,1742,396
98732,2189,155,1896
98741,2193,547,1454
98750,2212,2419,-437
98760,2212,2298,-302
98770,2210,1983,-14
98779,2194,284,1519
98788,2204,1270,470
98797,2205,1307,313
98806,2220,2741,-1008
98816,2205,1104,508
98825,2212,1749,-210
98835,2209,1361,140
98844,2214,1793,-273
98854,2210,1303,167
98863,2205,738,665
98872,2220,2201,-661
98882,2211,1191,391
98891,2225,2532,-941
98901,2231,3005,-1367
98911,2230,2755,-1065
98921,2215,1117,627
98930,2192,-1238,2816
98940,2232,2823,-1144
98950,2208,282,1232
98959,2226,2068,-489
98969,2214,764,748
98978,2216,926,557
98987,2228,2080,-576
98997,2239,3076,-1454
99007,2224,1422,244
99016,2228,1751,-113
99026,2231,1963,-274
99036,2208,-434,1925
99046,2204,-812,2049
99116,2131,-8071,8586
99126,2125,-8268,8157
99136,2140,-6355,5902
99146,2140,-6037,4994
99156,2138,-5935,4478
99166,2131,-6338,4320
99176,2161,-3021,751
99186,2151,-3870,1280
99196,2145,-4276,1262
99206,2167,-1863,-1479
99216,2159,-2569,-1039
99226,2165,-1841,-2007
99236,2174,-849,-3186
99246,2182,-7,-4000
99255,2165,-1706,-2360
99265,2152,-2921,-802
99275,2168,-1175,-2075
99285,2167,-1216,-1692
99295,2190,1144,-3574
99305,2182,287,-2302
99315,2168,-1127,-540
99325,2174,-470,-1027
99335,2176,-247,-1008
99345,2180,164,-1124
99355,2176,-243,-608
99365,2168,-1030,281
99375,2180,220,-832
99384,2180,209,-750
99393,2166,-1201,580
99403,2189,1158,-1588
99413,2180,201,-422
99422,2174,-408,238
99431,2188,1011,-1033
99441,2179,60,-155
99450,2189,1057,-1100
99460,2172,-694,680
99469,2180,139,-113
99478,2206,2732,-2507
99488,2183,296,-62
99497,2209,2881,-2438
99507,2203,2137,-1483
99517,2186,330,330
99526,2187,414,260
99535,2184,93,667
99544,2186,288,414
99553,2201,1774,-966
99563,2214,2985,-1951
99573,2200,1435,-373
99583,2196,964,157
99592,2206,1916,-736
99602,2193,520,740
99611,2208,1994,-609
99621,2207,1794,-472
99631,2203,1304,84
99640,2214,2339,-986
99650,2195,322,909
99659,2202,1006,270
99668,2200,756,543
99677,2192,-81,1369
99686,2202,922,408
99695,2204,1076,207
99704,2214,2022,-803
99714,2189,-578,1663
99724,2206,1150,-52
99733,2219,2392,-1263
99743,2213,1673,-466
99753,2221,2389,-1156
99763,2214,1569,-352
99773,2210,1091,112
99782,2207,737,359
99791,2212,1200,-44
99800,2208,740,397
99809,2218,1703,-502
99819,2215,1317,-24
99828,2230,2751,-1336
99838,2228,2414,-909
99848,2209,393,1002
99857,2217,1173,339
99866,2223,1715,-164
99876,2234,2729,-1156
99886,2231,2292,-678
99896,2227,1778,-204
99906,2212,189,1292
99915,2216,580,867
99924,2199,-1148,2470
99934,2201,-891,2074
99944,2185,-2446,3417
99954,2160,-4824,5359
99964,2169,-3683,3884
99974,2158,-4599,4310
99984,2146,-5569,4748
99994,2158,-4090,2971
100004,2151,-4586,3082
100014,2120,-7457,5341
100024,2132,-5883,3194
100034,2124,-6389,3121
100044,2132,-5270,1532
100054,2144,-3807,-197
100125,2144,-3616,-667
100135,2150,-2835,-1561
100145,2141,-3594,-982
100155,2159,-1614,-2907
100165,2165,-933,-3328
100175,2162,-1186,-2908
100185,2156,-1727,-2176
100195,2152,-2041,-1627
100205,2168,-339,-3079
100215,2176,477,-3558
100225,2174,253,-2821
100235,2157,-1458,-813
100245,2178,714,-2512
100255,2180,878,-2267
100265,2176,434,-1540
100275,2168,-387,-503
100285,2180,832,-1478
100295,2179,690,-1051
100305,2183,1056,-1238
100315,2166,-696,530
100325,2190,1738,-1709
100335,2177,351,-184
100345,2183,933,-568
100355,2190,1587,-1093
100365,2191,1607,-1038
100375,2202,2627,-1900
100385,2190,1295,-384
100395,2190,1231,-285
100405,2185,669,261
100414,2172,-664,1522
100424,2179,69,819
100433,2172,-634,1425
100443,2181,297,466
100452,2190,1182,-409
100462,2195,1623,-695
100472,2189,942,-67
100481,2183,295,575
100490,2198,1780,-853
100500,2181,-8,829
100509,2176,-508,1188
100519,2198,1717,-1097
100529,2174,-768,1250
100539,2152,-2930,3134
100549,2135,-4483,4344
100559,2115,-6259,5747
100569,2094,-8046,6993
100579,2059,-11144,9390
100589,2060,-10487,8014
100599,2029,-13062,9639
100609,2000,-15309,10757
100619,1971,-17444,11666
100629,2042,-9471,3043
100639,1987,-14498,6984
100649,1978,-14673,6182
100659,1884,-23339,13326
100669,1679,-42672,29699
100679,1377,-70739,53101
100689,1067,-98201,74213
100699,861,-113891,82609
100709,790,-115297,76745
100719,750,-113532,67948
100729,732,-109655,57504
100739,735,-103873,45495
100749,746,-97579,33567
100759,760,-91300,22222
100769,777,-85035,11451
100779,798,-78683,485
100789,835,-71049,-10918
100799,864,-64597,-20699
100809,881,-59667,-28051
100819,880,-56783,-31875
100829,866,-55344,-32288
100839,860,-53177,-31453
100849,854,-51118,-29327
100859,844,-49562,-26501
100869,836,-47884,-23803
100879,829,-46190,-21266
100889,819,-44880,-18642
100899,823,-42236,-17597
100909,824,-40024,-16390
100919,827,-37723,-15538
100929,834,-35137,-15221
100939,855,-31280,-16426
100949,879,-27316,-17905
100959,928,-21050,-21596
100969,982,-14598,-25236
100979,1037,-8368,-28335
100989,1087,-2949,-30405
100999,1141,2597,-32371
101009,1209,9267,-35119
101019,1262,14104,-35823
101029,1288,15999,-33572
101039,1302,16599,-30073
101049,1368,22369,-31536
101059,1420,26450,-31186
101130,1454,28528,-28847
101140,1456,27301,-23458
101150,1450,25336,-17718
101160,1454,24469,-13399
101170,1448,22646,-8662
101180,1443,21014,-4656
101190,1436,19263,-1063
101200,1439,18600,1036
101210,1440,17770,2877
101220,1430,15881,5207
101230,1429,14987,6160
101240,1426,13938,7072
101250,1424,13041,7732
101260,1418,11789,8278
101270,1427,12099,7011
101280,1422,10994,6947
101290,1413,9545,7213
101300,1412,8967,6699
101310,1406,7919,6644
101320,1407,7623,5938
101330,1408,7342,5308
101340,1405,6675,5136
101350,1394,5241,5679
101360,1402,5779,4342
101370,1396,4890,4498
101380,1393,4345,4333
101390,1396,4428,3617
101400,1384,3007,4369
101410,1388,3256,3550
101420,1391,3393,2833
101430,1391,3224,2485
101440,1389,2863,2400
101450,1390,2819,2034
101460,1394,3078,1452
101470,1388,2325,1853
101480,1385,1908,1907
101490,1384,1713,1771
101500,1385,1727,1523
101510,1378,941,1987
101520,1383,1394,1301
101530,1374,424,2009
101540,1373,303,1855
101550,1374,388,1596
101560,1373,268,1516
101570,1374,355,1227
101580,1370,-62,1425
101590,1369,-159,1321
101600,1367,-351,1301
101610,1367,-333,1056
101620,1366,-417,957
101630,1364,-596,969
101640,1373,333,-52
101649,1370,16,150
101658,1367,-283,369
101668,1356,-1369,1270
101678,1367,-201,60
101687,1367,-191,17
101696,1369,18,-216
101705,1356,-1282,980
101715,1359,-918,531
101725,1353,-1472,992
101735,1344,-2299,1675
101745,1348,-1783,1065
101755,1346,-1894,1071
101765,1333,-3100,2098
101775,1334,-2845,1693
101785,1339,-2202,882
101795,1332,-2792,1284
101805,1329,-2952,1266
101815,1333,-2405,650
101825,1328,-2785,857
101835,1329,-2545,461
