24031,1517,1834,-578
24041,1499,-56,-489
24051,1507,745,-401
24061,1505,508,-405
24071,1508,783,-420
24081,1518,1744,-480
24091,1505,356,-458
24101,1506,439,-344
24111,1508,617,-297
24121,1528,2586,-370
24131,1513,956,-190
24141,1521,1708,-216
24151,1520,1523,-199
24161,1512,647,-174
24171,1504,-184,-70
24181,1508,224,48
24191,1530,2413,-92
24201,1520,1292,-101
24211,1528,2027,-173
24221,1529,2026,-226
24231,1526,1625,-199
24241,1533,2243,-300
24251,1538,2631,-408
24261,1536,2300,-476
24271,1534,1985,-403
24281,1522,685,-343
24291,1503,-1248,-123
24301,1498,-1686,98
24311,1488,-2601,307
24321,1481,-3171,491
24331,1488,-2313,641
24341,1478,-3197,959
24351,1466,-4237,1245
24361,1478,-2825,1458
24371,1472,-3284,1672
24381,1463,-4020,1884
24391,1456,-4519,2132
24401,1454,-4493,2363
24411,1471,-2568,2414
24421,1474,-2140,2400
24431,1474,-2033,2281
24441,1476,-1731,2025
24451,1460,-3244,1847
24461,1474,-1682,1523
24471,1469,-2098,1206
24481,1468,-2093,959
24491,1476,-1188,626
24501,1480,-729,233
24511,1469,-1792,32
24521,1467,-1903,-162
24531,1472,-1308,-409
24541,1480,-442,-698
24551,1489,479,-993
24561,1477,-744,-1049
24571,1495,1092,-1166
24581,1490,538,-1215
24591,1487,211,-1212
24601,1490,500,-1305
24611,1479,-624,-1218
24621,1482,-293,-1178
24631,1470,-1478,-1057
24641,1474,-1004,-915
24651,1480,-354,-800
24661,1464,-1936,-656
24671,1475,-739,-599
24681,1483,97,-565
24691,1473,-907,-426
24701,1478,-362,-288
24711,1476,-544,-226
24721,1474,-716,-53
24731,1484,318,1
24741,1478,-297,64
24751,1478,-282,125
24761,1483,231,76
24771,1472,-879,113
24781,1483,264,0
24791,1488,750,-108
24801,1490,913,-179
24811,1485,367,-308
24821,1477,-450,-307
24831,1486,471,-316
24841,1484,248,-370
24851,1504,2235,-505
24861,1491,824,-552
24871,1500,1683,-650
24881,1494,998,-629
24891,1492,748,-626
24901,1512,2711,-735
24911,1486,-24,-633
24921,1491,476,-630
24931,1499,1253,-605
24941,1501,1390,-563
24951,1489,121,-434
24961,1501,1315,-427
24971,1503,1449,-476
24981,1492,276,-388
24991,1489,-37,-301
25001,1501,1164,-177
25011,1488,-193,-68
25021,1491,116,60
25031,1498,810,92
25041,1489,-130,162
25051,1508,1776,218
25061,1492,87,207
25071,1512,2083,96
25081,1512,1979,43
25091,1506,1280,43
25101,1514,2016,-78
25111,1514,1915,-116
25121,1498,219,-45
25131,1498,208,-51
25141,1511,1498,-156
25151,1515,1823,-195
25161,1493,-467,-168
25171,1480,-1744,-37
25181,1484,-1257,98
25191,1474,-2194,229
25201,1464,-3084,530
25211,1459,-3430,724
25221,1458,-3358,1015
25231,1471,-1891,1181
25241,1458,-3096,1362
25251,1449,-3841,1607
25261,1452,-3349,1787
25271,1456,-2782,1808
25281,1454,-2842,1819
25291,1444,-3700,1943
25301,1450,-2915,2012
25311,1444,-3370,1948
25321,1453,-2301,1733
25331,1449,-2586,1572
25341,1458,-1557,1293
25351,1454,-1879,1002
25361,1463,-885,649
25371,1449,-2241,421
25381,1450,-2028,293
25391,1454,-1527,77
25401,1449,-1951,-124
25411,1455,-1253,-308
25421,1456,-1091,-444
25431,1462,-436,-603
25441,1462,-414,-783
25451,1460,-593,-867
25461,1463,-264,-977
25471,1470,449,-1049
25481,1464,-173,-1081
25491,1471,535,-1086
25501,1464,-191,-1061
25511,1442,-2381,-842
25521,1467,237,-882
25531,1452,-1274,-804
25541,1452,-1210,-701
25551,1468,449,-735
25561,1459,-472,-668
25571,1462,-149,-614
25581,1460,-341,-514
25591,1462,-124,-440
25601,1469,581,-430
25611,1469,552,-407
25621,1457,-675,-272
25631,1454,-941,-174
25641,1458,-494,-73
25651,1466,330,-80
25661,1468,513,-226
25671,1457,-611,-138
25681,1464,118,-196
25691,1456,-687,-195
25701,1456,-652,-101
25711,1458,-420,-88
25721,1457,-499,-53
25731,1460,-174,-52
25741,1460,-165,-40
25751,1463,142,-7
25761,1463,135,17
25771,1464,228,-36
25781,1469,717,-129
25791,1480,1781,-249
25801,1461,-207,-186
25811,1469,602,-177
25821,1469,572,-232
25831,1470,644,-247
25841,1472,811,-323
25851,1476,1171,-407
25861,1472,712,-440
25871,1471,577,-464
25881,1468,248,-442
25891,1482,1635,-505
25901,1494,2754,-607
25911,1480,1216,-601
25921,1485,1655,-616
25931,1468,-127,-491
25941,1468,-120,-313
25951,1472,285,-291
25961,1490,2070,-327
25971,1477,667,-277
25981,1478,733,-229
25991,1477,597,-167
26001,1489,1767,-166
26011,1492,1979,-208
26021,1492,1880,-252
26031,1495,2086,-325
26041,1492,1681,-287
26051,1494,1797,-197
26061,1491,1407,-188
26071,1468,-962,-10
26081,1476,-114,-3
26091,1461,-1608,105
26101,1464,-1228,206
26111,1440,-3566,551
26121,1450,-2388,709
26131,1451,-2169,845
26141,1435,-3660,1052
26151,1432,-3777,1318
26161,1449,-1888,1450
26171,1436,-3094,1627
26181,1448,-1739,1702
26191,1426,-3852,1867
26201,1433,-2959,1963
26211,1448,-1311,1910
26221,1434,-2646,1792
26231,1428,-3114,1749
26241,1434,-2358,1559
26251,1448,-840,1301
26261,1426,-2998,1059
26271,1438,-1648,823
26281,1424,-2966,698
26291,1432,-2017,437
26301,1444,-716,119
26311,1446,-481,-63
26321,1453,242,-339
26331,1440,-1069,-417
26341,1458,784,-713
26351,1453,245,-880
26361,1448,-267,-885
26371,1440,-1053,-912
26381,1447,-301,-995
26391,1454,413,-1059
26401,1460,993,-1055
26411,1461,1043,-1182
26421,1443,-808,-1095
26431,1451,31,-1136
26441,1437,-1369,-1024
26451,1441,-901,-871
26461,1448,-156,-757
26471,1442,-748,-574
26481,1444,-510,-495
26491,1445,-385,-327
26501,1436,-1266,-156
26511,1452,397,-133
26521,1461,1277,-217
26531,1455,613,-216
26541,1440,-917,-83
26551,1450,128,6
26561,1462,1322,3
26571,1460,1056,-100
26581,1452,203,-104
26591,1449,-106,-178
26601,1467,1698,-329
26611,1464,1313,-399
26621,1458,647,-453
26631,1444,-784,-401
26641,1469,1754,-494
26651,1463,1066,-583
26661,1464,1113,-564
26671,1469,1558,-525
26681,1457,280,-451
26691,1459,466,-479
26701,1454,-57,-399
26711,1456,145,-260
26721,1459,438,-169
26731,1454,-83,-103
26741,1470,1520,-162
26751,1465,944,-77
26761,1461,497,0
26771,1460,372,35
26781,1470,1353,-79
26791,1464,686,5
26801,1468,1051,8
26811,1463,499,46
26821,1480,2174,3
26831,1474,1465,-70
26841,1480,1992,-166
26851,1468,692,-206
26861,1483,2158,-316
26871,1481,1850,-377
26881,1482,1857,-464
26891,1476,1164,-406
26901,1491,2606,-472
26911,1488,2176,-528
26921,1482,1467,-538
26931,1472,393,-426
26941,1484,1574,-428
26951,1473,395,-331
26961,1474,475,-272
26971,1480,1051,-148
26981,1457,-1300,67
26991,1460,-935,273
27001,1454,-1488,417
27011,1451,-1714,648
27021,1450,-1728,837
27031,1431,-3542,1115
27041,1450,-1465,1198
27051,1433,-3091,1452
27061,1428,-3437,1669
27071,1434,-2665,1764
27081,1438,-2132,1744
27091,1432,-2625,1814
27101,1441,-1594,1730
27111,1440,-1614,1644
27121,1449,-633,1529
27131,1453,-202,1245
27141,1435,-1991,1113
27151,1440,-1392,914
27161,1442,-1122,702
27171,1448,-466,467
27181,1454,156,110
27191,1440,-1251,-1
27201,1442,-988,-205
27211,1459,760,-504
27221,1450,-177,-660
27231,1461,931,-830
27241,1447,-514,-908
27251,1444,-789,-887
27261,1448,-349,-881
27271,1450,-132,-815
27281,1451,-25,-731
27291,1454,275,-772
27301,1443,-838,-696
27311,1452,103,-663
27321,1445,-601,-545
27331,1456,528,-475
27341,1458,702,-503
27351,1455,367,-495
27361,1460,848,-420
27371,1448,-393,-338
27381,1460,825,-276
27391,1444,-815,-213
27401,1468,1625,-323
27411,1464,1144,-371
27421,1460,686,-372
27431,1464,1052,-387
27441,1462,800,-372
27451,1453,-140,-369
27461,1464,966,-378
27471,1464,918,-423
27481,1464,872,-391
27491,1468,1229,-377
27501,1473,1667,-414
27511,1466,884,-368
27521,1464,640,-382
27531,1465,708,-320
27541,1464,572,-350
27551,1468,943,-257
27561,1472,1296,-225
27571,1470,1032,-208
27581,1477,1680,-212
27591,1482,2096,-257
27601,1486,2391,-376
27611,1469,571,-305
27621,1480,1643,-313
27631,1487,2261,-361
27641,1468,248,-257
27651,1477,1135,-191
27661,1478,1178,-179
27671,1469,219,-126
27681,1487,2008,-182
27691,1486,1808,-234
27701,1473,418,-167
27711,1484,1497,-149
27721,1490,2022,-181
27731,1492,2121,-176
27741,1485,1315,-100
27751,1497,2449,-91
27761,1497,2326,-185
27771,1497,2210,-200
27781,1479,300,-62
27791,1490,1385,-121
27801,1485,815,-82
27811,1482,475,-22
27821,1478,51,2
27831,1490,1248,58
27841,1476,-213,184
27851,1488,996,141
27861,1484,547,195
27871,1472,-680,349
27881,1452,-2646,618
27891,1464,-1313,736
27901,1460,-1648,933
27911,1444,-3165,1191
27921,1444,-3007,1405
27931,1439,-3357,1508
27941,1436,-3489,1665
27951,1451,-1814,1662
27961,1437,-3124,1711
27971,1452,-1467,1615
27981,1439,-2694,1667
27991,1445,-1959,1573
28001,1442,-2161,1557
28011,1437,-2553,1528
28021,1438,-2325,1406
28031,1443,-1709,1137
28041,1456,-324,881
28051,1447,-1208,682
28061,1451,-747,386
28071,1452,-610,126
28081,1445,-1279,-87
28091,1456,-115,-351
28101,1448,-909,-434
28111,1446,-1064,-569
28121,1461,488,-682
28131,1460,364,-837
28141,1465,846,-955
28151,1466,903,-1063
28161,1450,-741,-1066
28171,1453,-404,-1059
28181,1452,-484,-1006
28191,1456,-59,-891
28201,1456,-56,-832
28211,1454,-254,-738
28221,1452,-441,-632
28231,1462,580,-640
28241,1466,951,-605
28251,1462,504,-591
28261,1445,-1221,-483
28271,1464,740,-409
28281,1461,402,-334
28291,1468,1082,-284
28301,1457,-71,-171
28311,1458,32,-180
28321,1454,-369,-147
28331,1469,1149,-219
28341,1464,591,-224
28351,1468,962,-254
28361,1464,513,-266
28371,1470,1088,-323
28381,1479,1933,-371
28391,1460,-62,-269
28401,1479,1840,-325
28411,1456,-551,-333
28421,1465,375,-275
28431,1466,457,-244
28441,1479,1734,-251
28451,1456,-652,-175
28461,1480,1780,-249
28471,1476,1291,-310
28481,1464,26,-198
28491,1472,825,-179
28501,1478,1383,-174
28511,1471,614,-151
28521,1476,1083,-128
28531,1476,1029,-55
28541,1468,178,-53
28551,1482,1569,-23
28561,1474,691,-92
28571,1476,856,-107
28581,1496,2813,-236
28591,1468,-127,-95
28601,1484,1479,-209
28611,1483,1305,-158
28621,1488,1740,-175
28631,1501,2953,-339
28641,1474,105,-263
28651,1481,800,-202
28661,1492,1860,-257
28671,1481,667,-203
28681,1487,1233,-186
28691,1494,1872,-261
28701,1494,1778,-236
28711,1504,2689,-326
28721,1500,2155,-366
28731,1476,-352,-133
28741,1495,1564,-208
28751,1488,786,-137
28761,1468,-1252,48
28771,1452,-2790,344
28781,1475,-350,530
28791,1463,-1533,602
28801,1456,-2156,750
28811,1444,-3248,1014
28821,1448,-2686,1148
28831,1443,-3051,1324
28841,1444,-2799,1497
28851,1436,-3459,1684
28861,1432,-3686,1909
28871,1441,-2601,2000
28881,1436,-2971,1951
28891,1443,-2123,1949
28901,1444,-1917,1872
28911,1446,-1621,1650
28921,1454,-740,1295
28931,1434,-2703,1238
28941,1435,-2467,1090
28951,1454,-444,786
28961,1459,77,412
28971,1432,-2626,271
28981,1459,205,-48
28991,1452,-505,-274
29001,1441,-1579,-440
29011,1460,399,-707
29021,1446,-1020,-779
29031,1456,30,-920
29041,1442,-1371,-892
29051,1447,-802,-871
29061,1454,-62,-871
29071,1445,-959,-763
29081,1447,-711,-782
29091,1449,-475,-789
29101,1447,-652,-657
29111,1443,-1019,-486
29121,1437,-1568,-454
29131,1453,109,-360
29141,1453,104,-321
29151,1456,399,-373
29161,1439,-1320,-203
29171,1449,-254,-203
29181,1448,-341,-142
29191,1451,-25,-194
29201,1451,-23,-208
29211,1455,377,-205
29221,1450,-141,-223
29231,1463,1165,-312
29241,1458,607,-352
29251,1453,76,-364
29261,1463,1073,-453
29271,1460,719,-549
29281,1452,-116,-479
29291,1461,789,-469
29301,1471,1749,-506
29311,1462,762,-574
29321,1458,324,-544
29331,1456,108,-501
29341,1459,402,-461
29351,1458,282,-415
29361,1458,268,-343
29371,1455,-44,-289
29381,1469,1357,-248
29391,1463,689,-205
29401,1466,954,-213
29411,1472,1507,-200
29421,1458,31,-125
29431,1464,630,-142
29441,1465,698,-106
29451,1485,2663,-139
29461,1476,1630,-174
29471,1469,849,-186
29481,1482,2106,-290
29491,1469,701,-282
29501,1468,566,-272
29511,1473,1037,-291
29521,1478,1485,-354
29531,1487,2311,-375
29541,1468,296,-309
29551,1482,1681,-318
29561,1466,-2,-187
29571,1465,-102,-144
29581,1470,402,-100
29591,1472,582,-64
29601,1477,1053,60
29611,1470,300,157
29621,1473,585,179
29631,1484,1656,202
29641,1473,473,209
29651,1476,749,187
29661,1476,712,195
29671,1461,-823,317
29681,1448,-2082,555
29691,1441,-2678,687
29701,1448,-1844,837
29711,1428,-3751,991
29721,1433,-3064,1081
29731,1432,-3011,1186
29741,1434,-2660,1266
29751,1429,-3027,1391
29761,1440,-1776,1380
29771,1424,-3287,1472
29781,1441,-1423,1499
29791,1434,-2051,1479
29801,1442,-1149,1408
29811,1418,-3491,1474
29821,1428,-2317,1362
29831,1423,-2701,1209
29841,1433,-1566,959
29851,1420,-2787,857
29861,1417,-2948,659
29871,1427,-1801,449
29881,1436,-811,202
29891,1423,-2070,79
29901,1428,-1466,-83
29911,1427,-1493,-150
29921,1425,-1618,-284
29931,1436,-438,-356
29941,1434,-616,-439
29951,1438,-185,-478
29961,1424,-1575,-554
29971,1436,-297,-621
29981,1443,417,-745
29991,1424,-1503,-669
30001,1432,-628,-720
30011,1424,-1396,-726
30021,1438,73,-752
30031,1436,-130,-704
30041,1426,-1124,-673
30051,1421,-1567,-579
30061,1421,-1489,-494
30071,1441,585,-553
30081,1436,55,-500
30091,1422,-1346,-375
30101,1426,-879,-260
30111,1429,-535,-264
30121,1447,1291,-307
30131,1425,-973,-171
30141,1420,-1424,-133
30151,1426,-753,-92
30161,1430,-315,-133
30171,1430,-300,-87
30181,1445,1215,-153
30191,1445,1154,-275
30201,1426,-803,-292
30211,1432,-163,-341
30221,1449,1544,-371
30231,1436,167,-346
30241,1428,-640,-355
30251,1442,791,-417
30261,1436,151,-415
30271,1447,1244,-372
30281,1434,-118,-379
30291,1446,1087,-485
30301,1434,-166,-460
30311,1440,441,-447
30321,1435,-80,-397
30331,1447,1123,-331
30341,1449,1267,-290
30351,1442,504,-325
30361,1440,278,-306
30371,1441,365,-189
30381,1447,946,-200
30391,1456,1799,-313
30401,1438,-90,-217
30411,1450,1113,-242
30421,1453,1358,-210
30431,1448,790,-230
30441,1446,550,-168
30451,1461,2023,-281
30461,1463,2122,-355
30471,1445,216,-337
30481,1441,-194,-216
30491,1454,1115,-175
30501,1456,1259,-196
30511,1450,596,-189
30521,1456,1166,-205
30531,1448,308,-132
30541,1452,692,-43
30551,1425,-2041,96
30561,1432,-1239,249
30571,1431,-1277,408
30581,1414,-2913,618
30591,1415,-2668,783
30601,1417,-2334,996
30611,1394,-4518,1323
30621,1399,-3792,1456
30631,1410,-2502,1471
30641,1397,-3677,1631
30651,1398,-3393,1758
30661,1415,-1523,1705
30671,1388,-4147,1838
30681,1394,-3340,1847
30691,1408,-1773,1770
30701,1397,-2784,1585
30711,1408,-1545,1379
30721,1404,-1868,1201
30731,1404,-1774,929
30741,1400,-2085,712
30751,1390,-2981,592
30761,1407,-1132,249
30771,1405,-1275,-6
30781,1402,-1512,-147
30791,1400,-1636,-326
30801,1404,-1154,-489
30811,1400,-1497,-494
30821,1393,-2122,-600
30831,1407,-616,-724
30841,1393,-1985,-643
30851,1406,-585,-709
30861,1401,-1056,-657
30871,1408,-303,-668
30881,1404,-688,-647
30891,1388,-2254,-546
30901,1400,-941,-580
30911,1395,-1394,-476
30921,1401,-724,-436
30931,1400,-788,-409
30941,1390,-1749,-335
30951,1406,-61,-346
30961,1408,141,-387
30971,1392,-1465,-369
30981,1408,207,-370
30991,1408,197,-451
31001,1392,-1412,-345
31011,1410,458,-390
31021,1409,335,-381
31031,1400,-581,-341
31041,1396,-952,-374
31051,1410,495,-419
31061,1410,470,-483
31071,1415,946,-529
31081,1400,-600,-479
31091,1412,629,-563
31101,1400,-601,-460
31111,1406,28,-394
31121,1408,226,-443
31131,1412,615,-408
31141,1416,984,-405
31151,1404,-264,-417
31161,1416,948,-390
31171,1409,201,-325
31181,1416,891,-361
31191,1400,-753,-316
31201,1405,-215,-221
31211,1421,1395,-239
31221,1415,725,-189
31231,1431,2289,-334
31241,1416,674,-300
31251,1413,340,-319
31261,1425,1523,-368
31271,1409,-152,-301
31281,1410,-44,-220
31291,1408,-242,-111
31301,1418,769,-152
31311,1428,1731,-176
31321,1421,944,-193
31331,1416,397,-136
31341,1417,477,-189
31351,1434,2153,-305
31361,1421,745,-227
31371,1426,1208,-221
31381,1428,1348,-137
31391,1423,780,-122
31401,1418,241,-99
31411,1432,1629,-95
31421,1436,1948,-214
31431,1421,350,-214
31441,1416,-166,-186
31451,1423,541,-145
31461,1398,-1985,109
31471,1393,-2386,319
31481,1391,-2466,488
31491,1380,-3443,705
31501,1376,-3671,1012
31511,1369,-4187,1240
31521,1385,-2378,1361
31531,1389,-1859,1446
31541,1376,-3066,1556
31551,1374,-3113,1619
31561,1368,-3557,1781
31571,1364,-3779,1944
31581,1367,-3290,1950
31591,1364,-3426,1915
31601,1372,-2454,1851
31611,1369,-2632,1644
31621,1365,-2900,1440
31631,1360,-3255,1264
31641,1375,-1592,938
31651,1362,-2813,707
31661,1364,-2472,449
31671,1360,-2748,345
31681,1363,-2311,258
31691,1362,-2295,110
31701,1361,-2281,-23
31711,1368,-1466,-208
31721,1368,-1393,-377
31731,1361,-2023,-449
31741,1365,-1522,-541
31751,1362,-1746,-536
31761,1357,-2159,-511
31771,1375,-251,-617
31781,1372,-538,-712
31791,1364,-1311,-652
31801,1376,-46,-748
31811,1354,-2243,-682
31821,1357,-1831,-657
31831,1360,-1440,-622
31841,1352,-2168,-541
31851,1352,-2059,-468
31861,1356,-1556,-385
31871,1368,-278,-387
31881,1366,-464,-418
31891,1361,-941,-390
31901,1375,505,-466
31911,1361,-919,-471
31921,1380,1026,-485
31931,1366,-425,-432
31941,1372,196,-468
31951,1364,-613,-379
31961,1362,-783,-421
31971,1381,1156,-555
31981,1365,-501,-552
31991,1376,623,-661
32001,1379,892,-768
32011,1380,947,-834
32021,1369,-199,-743
32031,1368,-289,-665
32041,1380,924,-693
32051,1376,478,-606
32061,1384,1254,-661
32071,1376,391,-537
32081,1382,972,-543
32091,1382,923,-508
32101,1380,677,-502
32111,1388,1443,-555
32121,1394,1971,-524
32131,1388,1272,-553
32141,1376,9,-437
32151,1381,508,-352
32161,1388,1183,-319
32171,1375,-175,-271
32181,1385,833,-293
32191,1381,391,-215
32201,1390,1271,-221
32211,1380,208,-119
32221,1378,-2,-60
32231,1398,1997,-97
32241,1389,997,-73
32251,1390,1048,-74
32261,1402,2195,-106
32271,1398,1685,-74
32281,1395,1301,-71
32291,1402,1936,-183
32301,1400,1639,-235
32311,1394,957,-199
32321,1392,709,-233
32331,1393,774,-209
32341,1408,2235,-302
32351,1409,2223,-334
32361,1408,2012,-411
32371,1404,1511,-460
32381,1394,436,-315
32391,1399,914,-269
32401,1381,-931,-108
32411,1368,-2184,190
32421,1375,-1375,388
32431,1360,-2806,638
32441,1370,-1666,830
32451,1371,-1483,971
32461,1346,-3908,1207
32471,1355,-2813,1334
32481,1360,-2172,1410
32491,1350,-3064,1611
32501,1340,-3910,1836
32511,1346,-3115,1964
32521,1344,-3159,2033
32531,1360,-1401,1912
32541,1350,-2331,1871
32551,1341,-3114,1758
32561,1346,-2459,1537
32571,1332,-3736,1457
32581,1338,-2949,1247
32591,1349,-1701,1046
32601,1354,-1116,834
32611,1338,-2660,590
32621,1345,-1827,384
32631,1348,-1436,210
32641,1345,-1664,22
32651,1351,-981,-226
32661,1346,-1432,-362
32671,1366,639,-602
32681,1341,-1892,-550
32691,1353,-598,-624
32701,1342,-1668,-662
32711,1337,-2084,-626
32721,1350,-680,-745
32731,1348,-846,-791
32741,1344,-1204,-727
32751,1353,-243,-685
32761,1356,68,-761
32771,1354,-135,-765
32781,1366,1071,-815
32791,1348,-782,-759
32801,1360,457,-747
32811,1349,-665,-694
32821,1363,767,-615
32831,1350,-570,-607
32841,1366,1057,-622
32851,1363,704,-681
32861,1346,-1030,-649
32871,1354,-178,-591
32881,1356,30,-563
32891,1358,228,-569
32901,1365,916,-555
32911,1364,771,-520
32921,1375,1832,-568
32931,1360,241,-444
32941,1358,28,-429
32951,1370,1227,-416
32961,1370,1166,-468
32971,1379,2007,-475
32981,1360,7,-442
32991,1374,1407,-400
33001,1383,2236,-440
33011,1378,1625,-547
33021,1371,843,-544
33031,1378,1501,-568
33041,1373,926,-543
33051,1371,680,-463
33061,1378,1346,-437
33071,1371,578,-304
33081,1373,749,-282
33091,1364,-187,-216
33101,1376,1021,-156
33111,1382,1570,-142
33121,1384,1692,-87
33131,1379,1107,-125
33141,1396,2752,-174
33151,1383,1314,-83
33161,1396,2548,-123
33171,1387,1521,-148
33181,1379,645,-81
33191,1392,1913,-135
33201,1384,1017,-144
33211,1390,1566,-147
33221,1400,2488,-248
33231,1400,2363,-324
33241,1394,1645,-406
33251,1406,2763,-473
33261,1386,625,-368
33271,1389,893,-274
33281,1408,2749,-340
33291,1405,2311,-275
33301,1388,496,-185
33311,1400,1671,-99
33321,1380,-412,45
33331,1386,208,92
33341,1360,-2401,374
33351,1372,-1082,498
33361,1348,-3427,791
33371,1351,-2956,1082
33381,1360,-1908,1268
33391,1346,-3213,1464
33401,1343,-3352,1708
33411,1345,-2984,1774
33421,1356,-1735,1766
33431,1344,-2848,1924
33441,1359,-1206,1929
33451,1357,-1346,1819
33461,1346,-2378,1841
33471,1353,-1559,1673
33481,1330,-3781,1680
33491,1357,-892,1345
33501,1353,-1248,1130
33511,1337,-2785,887
33521,1352,-1146,598
33531,1358,-489,361
33541,1338,-2464,193
33551,1356,-541,-72
33561,1350,-1114,-250
33571,1349,-1158,-328
33581,1344,-1600,-421
33591,1347,-1220,-414
33601,1354,-459,-454
33611,1346,-1236,-489
33621,1353,-474,-510
33631,1354,-351,-654
33641,1349,-833,-580
33651,1356,-91,-573
33661,1347,-987,-604
33671,1356,-37,-592
33681,1360,364,-565
33691,1355,-154,-629
33701,1357,53,-588
33711,1353,-349,-564
33721,1358,168,-573
33731,1366,959,-659
33741,1368,1111,-720
33751,1358,56,-661
33761,1356,-146,-640
33771,1359,160,-591
33781,1363,552,-571
33791,1370,1225,-620
33801,1374,1563,-639
33811,1368,885,-672
33821,1370,1041,-653
33831,1365,489,-573
33841,1368,764,-552
33851,1385,2426,-621
33861,1366,405,-581
33871,1378,1584,-585
33881,1380,1705,-553
33891,1389,2520,-569
33901,1380,1494,-583
33911,1374,819,-565
33921,1392,2578,-637
33931,1385,1749,-626
33941,1386,1762,-578
33951,1373,374,-427
33961,1388,1855,-425
33971,1377,662,-338
33981,1386,1529,-343
33991,1388,1653,-337
34001,1382,970,-192
34011,1392,1921,-242
34021,1394,2025,-225
34031,1393,1824,-189
34041,1388,1233,-71
34051,1406,2971,-137
34061,1393,1523,-153
34071,1388,946,-31
34081,1402,2299,-57
34091,1400,1984,-63
34101,1413,3185,-224
34111,1395,1226,-163
34121,1399,1564,-198
34131,1397,1286,-162
34141,1403,1822,-157
34151,1402,1631,-175
34161,1396,949,-96
34171,1396,902,-13
34181,1400,1257,28
34191,1404,1594,16
34201,1402,1314,125
34211,1407,1748,105
34221,1397,661,126
34231,1404,1328,186
34241,1388,-338,325
34251,1384,-721,539
34261,1375,-1585,671
34271,1382,-806,759
34281,1376,-1365,855
34291,1379,-997,948
34301,1363,-2547,1111
34311,1363,-2420,1209
34321,1357,-2899,1324
34331,1358,-2654,1432
34341,1348,-3521,1595
34351,1360,-2145,1640
34361,1348,-3238,1764
34371,1354,-2476,1752
34381,1348,-2952,1801
34391,1360,-1604,1654
34401,1358,-1724,1503
34411,1368,-638,1238
34421,1348,-2606,1158
34431,1362,-1076,953
34441,1348,-2422,868
34451,1364,-701,592
34461,1356,-1466,394
34471,1352,-1792,208
34481,1364,-503,-20
34491,1356,-1277,-222
34501,1359,-914,-336
34511,1353,-1468,-455
34521,1356,-1094,-529
34531,1357,-940,-617
34541,1364,-193,-652
34551,1379,1316,-779
34561,1362,-449,-719
34571,1357,-926,-742
34581,1357,-880,-667
34591,1350,-1536,-628
34601,1361,-359,-559
34611,1360,-441,-536
34621,1354,-1019,-497
34631,1366,231,-462
34641,1378,1419,-556
34651,1365,48,-535
34661,1366,146,-558
34671,1366,139,-557
34681,1372,732,-587
34691,1370,495,-554
34701,1375,970,-467
34711,1368,222,-446
34721,1382,1611,-545
34731,1372,530,-564
34741,1370,303,-607
34751,1382,1488,-645
34761,1364,-385,-567
34771,1373,533,-585
34781,1379,1107,-557
34791,1380,1151,-467
34801,1386,1693,-501
34811,1376,609,-461
34821,1381,1078,-454
34831,1375,425,-374
34841,1386,1503,-379
34851,1388,1628,-356
34861,1372,-52,-276
34871,1394,2149,-258
34881,1386,1242,-256
34891,1384,980,-256
34901,1388,1331,-209
34911,1386,1064,-264
34921,1386,1011,-258
34931,1385,860,-209
34941,1405,2817,-279
34951,1378,-23,-138
34961,1398,1977,-199
34971,1388,879,-161
34981,1384,435,-135
34991,1382,213,-33
35001,1405,2502,-74
35011,1404,2277,-200
35021,1384,163,-50
35031,1403,2055,-86
35041,1408,2452,-163
35051,1410,2530,-215
35061,1405,1903,-246
35071,1412,2508,-317
35081,1390,183,-244
35091,1396,773,-96
35101,1394,535,-113
35111,1406,1708,-81
35121,1409,1923,-131
35131,1408,1726,-192
35141,1406,1440,-237
35151,1406,1368,-134
35161,1414,2100,-106
35171,1388,-604,-33
35181,1396,225,98
35191,1385,-885,309
35201,1396,258,433
35211,1376,-1754,630
35221,1372,-2066,861
35231,1368,-2363,949
35241,1352,-3845,1163
35251,1354,-3453,1315
35261,1356,-3080,1501
35271,1357,-2826,1658
35281,1358,-2585,1760
35291,1355,-2755,1831
35301,1360,-2117,1845
35311,1341,-3912,2000
35321,1356,-2216,1859
35331,1356,-2105,1763
35341,1345,-3100,1665
35351,1341,-3345,1653
35361,1354,-1878,1425
35371,1341,-3084,1273
35381,1344,-2630,1080
35391,1361,-798,701
35401,1350,-1858,443
35411,1341,-2665,287
35421,1362,-432,31
35431,1360,-610,-168
35441,1344,-2180,-254
35451,1359,-571,-382
35461,1342,-2242,-484
35471,1353,-1030,-542
35481,1351,-1178,-568
35491,1355,-720,-670
35501,1354,-783,-757
35511,1358,-344,-768
35521,1362,72,-869
35531,1352,-931,-863
35541,1355,-584,-772
35551,1355,-555,-754
35561,1347,-1327,-735
35571,1342,-1761,-554
35581,1362,326,-529
35591,1358,-89,-574
35601,1346,-1285,-442
35611,1347,-1120,-435
35621,1340,-1764,-313
35631,1373,1623,-418
35641,1361,342,-413
35651,1349,-874,-343
35661,1344,-1331,-225
35671,1358,135,-190
35681,1357,28,-218
35691,1367,1027,-284
35701,1372,1475,-374
35711,1361,302,-436
35721,1373,1486,-586
35731,1364,512,-535
35741,1368,887,-541
35751,1369,942,-618
35761,1376,1595,-721
35771,1370,915,-805
35781,1356,-530,-590
35791,1377,1596,-601
35801,1366,416,-608
35811,1359,-304,-589
35821,1387,2510,-649
35831,1376,1285,-634
35841,1368,421,-504
35851,1376,1200,-406
35861,1372,740,-361
35871,1370,503,-240
35881,1375,977,-215
35891,1371,529,-141
35901,1388,2202,-179
35911,1370,292,-63
35921,1374,677,-32
35931,1391,2343,-186
35941,1384,1526,-150
35951,1374,450,-126
35961,1382,1227,-199
35971,1385,1466,-117
35981,1376,493,-60
35991,1383,1168,-99
36001,1385,1310,-95
36011,1386,1344,-122
36021,1399,2577,-234
36031,1380,548,-184
36041,1402,2721,-296
36051,1392,1584,-230
36061,1385,805,-231
36071,1408,3065,-345
36081,1400,2112,-298
36091,1392,1206,-247
36101,1386,546,-223
36111,1400,1918,-243
36121,1390,823,-171
36131,1398,1581,-207
36141,1410,2702,-269
36151,1383,-132,-140
36161,1387,274,-42
36171,1384,-39,136
36181,1378,-637,217
36191,1371,-1305,459
36201,1353,-3040,724
36211,1363,-1888,845
36221,1356,-2493,1123
36231,1344,-3569,1384
36241,1350,-2790,1516
36251,1346,-3051,1606
36261,1348,-2698,1740
36271,1346,-2763,1792
36281,1350,-2225,1837
36291,1333,-3814,2027
36301,1344,-2523,1937
36311,1338,-2997,1897
36321,1339,-2747,1819
36331,1329,-3610,1750
36341,1351,-1229,1496
36351,1338,-2468,1232
36361,1329,-3244,1103
36371,1332,-2782,926
36381,1332,-2643,698
36391,1344,-1311,456
36401,1350,-645,180
36411,1325,-3113,111
36421,1333,-2157,-7
36431,1347,-649,-167
36441,1332,-2117,-298
36451,1346,-611,-424
36461,1336,-1580,-497
36471,1348,-301,-615
36481,1342,-886,-727
36491,1346,-442,-706
36501,1346,-420,-762
36511,1331,-1899,-760
36521,1335,-1404,-753
36531,1344,-434,-795
36541,1345,-312,-759
36551,1337,-1096,-639
36561,1346,-141,-732
36571,1331,-1634,-662
36581,1337,-953,-545
36591,1338,-805,-538
36601,1334,-1165,-417
36611,1344,-106,-431
36621,1352,698,-420
36631,1336,-936,-352
36641,1354,910,-374
36651,1350,464,-371
36661,1341,-458,-404
36671,1348,264,-451
36681,1336,-948,-364
36691,1344,-101,-329
36701,1340,-496,-316
36711,1340,-471,-255
36721,1347,252,-336
36731,1349,439,-377
36741,1352,717,-425
36751,1356,1081,-509
36761,1356,1027,-520
36771,1368,2176,-553
36781,1349,167,-555
36791,1359,1158,-505
36801,1360,1201,-488
36811,1348,-58,-453
36821,1356,743,-429
36831,1374,2506,-586
36841,1362,1181,-593
36851,1357,622,-587
36861,1361,991,-596
36871,1365,1341,-583
36881,1360,774,-525
36891,1361,835,-459
36901,1376,2294,-470
36911,1376,2179,-477
36921,1360,470,-308
36931,1361,546,-281
36941,1381,2519,-315
36951,1364,693,-229
36961,1367,958,-243
36971,1375,1710,-250
36981,1366,725,-98
36991,1384,2489,-152
37001,1394,3364,-294
37011,1376,1396,-285
37021,1384,2126,-303
37031,1379,1520,-316
37041,1384,1944,-349
37051,1388,2247,-311
37061,1381,1434,-234
37071,1399,3162,-368
37081,1376,704,-333
37091,1400,3069,-328
37101,1373,216,-254
37111,1385,1405,-244
37121,1376,434,-130
37131,1374,213,-61
37141,1341,-3097,315
37151,1344,-2642,681
37161,1334,-3510,950
37171,1331,-3634,1247
37181,1336,-2953,1435
37191,1338,-2605,1603
37201,1341,-2175,1743
37211,1329,-3266,1883
37221,1332,-2803,2070
37231,1320,-3862,2143
37241,1330,-2669,2265
37251,1317,-3836,2259
37261,1313,-4044,2321
37271,1322,-2942,2234
37281,1327,-2295,2081
37291,1317,-3180,1791
37301,1315,-3221,1558
37311,1322,-2360,1236
37321,1322,-2242,931
37331,1315,-2830,730
37341,1317,-2488,550
37351,1314,-2664,428
37361,1320,-1931,212
37371,1317,-2134,69
37381,1338,72,-252
37391,1339,168,-464
37401,1320,-1739,-598
37411,1330,-652,-780
37421,1328,-820,-852
37431,1327,-879,-860
37441,1331,-435,-945
37451,1326,-913,-987
37461,1314,-2067,-898
37471,1330,-364,-913
37481,1324,-946,-921
37491,1316,-1698,-853
37501,1324,-813,-845
37511,1319,-1273,-760
37521,1330,-109,-761
37531,1326,-504,-608
37541,1340,921,-553
37551,1334,275,-583
37561,1333,161,-544
37571,1325,-646,-471
37581,1329,-214,-434
37591,1345,1396,-479
37601,1329,-273,-452
37611,1324,-759,-465
37621,1336,478,-451
37631,1339,754,-496
37641,1341,916,-593
37651,1335,270,-592
37661,1344,1157,-673
37671,1348,1499,-700
37681,1336,224,-663
37691,1332,-186,-512
37701,1348,1422,-516
37711,1347,1251,-514
37721,1346,1088,-548
37731,1344,834,-535
37741,1350,1392,-460
37751,1338,123,-412
37761,1353,1616,-492
37771,1342,435,-415
37781,1354,1614,-401
37791,1350,1133,-355
37801,1357,1776,-393
37811,1361,2087,-400
37821,1354,1283,-338
37831,1360,1819,-393
37841,1358,1528,-444
37851,1374,3051,-486
37861,1369,2399,-497
37871,1373,2679,-537
37881,1353,545,-458
37891,1364,1618,-413
37901,1364,1537,-442
37911,1361,1160,-359
37921,1356,602,-316
37931,1370,1972,-289
37941,1358,673,-210
37951,1376,2440,-210
37961,1376,2317,-184
37971,1383,2902,-242
37981,1382,2657,-252
37991,1370,1324,-200
38001,1365,758,-27
38011,1380,2220,-1
38021,1390,3108,-20
38031,1389,2853,-154
38041,1387,2510,-190
38051,1395,3185,-275
38061,1383,1826,-289
38071,1382,1634,-325
38081,1388,2153,-304
38091,1364,-354,-205
38101,1377,963,-86
38111,1348,-1984,200
38121,1363,-385,398
38131,1338,-2866,717
38141,1342,-2323,895
38151,1339,-2507,1044
38161,1332,-3081,1306
38171,1328,-3327,1612
38181,1328,-3161,1854
38191,1320,-3803,2083
38201,1317,-3913,2326
38211,1308,-4617,2494
38221,1314,-3786,2565
38231,1318,-3197,2606
38241,1319,-2937,2456
38251,1312,-3490,2418
38261,1299,-4615,2265
38271,1307,-3585,2151
38281,1312,-2905,1851
38291,1310,-2960,1604
38301,1301,-3712,1403
38311,1321,-1526,1050
38321,1311,-2450,774
38331,1313,-2128,518
38341,1300,-3321,330
38351,1312,-1955,84
38361,1308,-2257,-149
38371,1312,-1744,-329
38381,1308,-2057,-419
38391,1317,-1054,-540
38401,1304,-2301,-589
38411,1308,-1786,-723
38421,1306,-1897,-759
38431,1317,-702,-820
38441,1311,-1267,-836
38451,1300,-2304,-822
38461,1313,-889,-760
38471,1326,455,-841
38481,1304,-1767,-755
38491,1316,-478,-824
38501,1308,-1254,-755
38511,1312,-792,-742
38521,1320,47,-752
38531,1310,-955,-715
38541,1320,92,-685
38551,1314,-511,-695
38561,1314,-486,-680
38571,1328,938,-761
38581,1313,-608,-669
38591,1312,-678,-616
38601,1328,955,-731
38611,1328,907,-745
38621,1326,662,-664
38631,1330,1029,-745
38641,1320,-22,-680
38651,1316,-421,-641
38661,1328,800,-651
38671,1335,1459,-651
38681,1336,1486,-713
38691,1340,1812,-725
38701,1332,921,-719
38711,1332,875,-709
38721,1330,632,-601
38731,1329,500,-583
38741,1328,375,-559
38751,1341,1656,-523
38761,1328,273,-409
38771,1346,2060,-425
38781,1344,1757,-405
38791,1328,69,-345
38801,1338,1065,-375
38811,1344,1612,-363
38821,1333,431,-240
38831,1344,1510,-197
38841,1343,1334,-131
38851,1346,1567,-143
38861,1344,1289,-144
38871,1351,1925,-196
38881,1334,128,-144
38891,1357,2422,-249
38901,1352,1801,-229
38911,1344,911,-237
38921,1356,2065,-208
38931,1360,2362,-221
38941,1360,2244,-328
38951,1366,2732,-401
38961,1372,3195,-465
38971,1357,1535,-488
38981,1364,2158,-477
38991,1368,2450,-490
39001,1354,928,-393
39011,1385,3982,-507
39021,1381,3382,-538
39031,1363,1413,-550
39041,1367,1743,-443
39051,1375,2455,-423
39061,1370,1833,-420
39071,1370,1741,-335
39081,1385,3154,-324
39091,1362,696,-173
39101,1366,1061,-28
39111,1352,-391,220
39121,1361,528,287
39131,1336,-1998,544
39141,1330,-2498,826
39151,1334,-1973,961
39161,1316,-3674,1368
39171,1320,-3090,1660
39181,1314,-3536,1823
39191,1314,-3359,1977
39201,1319,-2691,2108
39211,1298,-4657,2296
39221,1298,-4424,2435
39231,1310,-3002,2544
39241,1308,-3052,2482
39251,1315,-2200,2380
39261,1312,-2390,2202
39271,1292,-4270,2193
39281,1288,-4457,2036
39291,1296,-3434,1795
39301,1300,-2862,1560
39311,1286,-4119,1327
39321,1291,-3413,1114
39331,1294,-2942,864
39341,1303,-1895,585
39351,1293,-2800,433
39361,1296,-2360,161
39371,1298,-2042,-79
39381,1310,-740,-274
39391,1296,-2103,-361
39401,1300,-1598,-407
39411,1304,-1118,-484
39421,1319,437,-747
39431,1296,-1884,-846
39441,1314,9,-983
39451,1301,-1290,-984
39461,1313,-26,-1134
39471,1301,-1224,-1145
39481,1308,-463,-1167
39491,1295,-1740,-1041
39501,1314,246,-1092
39511,1300,-1165,-1026
39521,1299,-1207,-942
39531,1308,-247,-843
39541,1314,365,-870
39551,1300,-1052,-768
39561,1304,-600,-668
39571,1312,229,-541
39581,1317,718,-601
39591,1323,1282,-583
39601,1305,-581,-531
39611,1321,1047,-516
39621,1316,494,-547
39631,1323,1170,-575
39641,1314,211,-617
39651,1318,600,-565
39661,1317,471,-595
39671,1324,1147,-667
39681,1320,690,-643
39691,1313,-44,-541
39701,1321,757,-582
39711,1319,519,-575
39721,1319,493,-508
39731,1333,1869,-506
39741,1325,975,-415
39751,1332,1626,-484
39761,1322,545,-380
39771,1326,918,-343
39781,1333,1572,-310
39791,1326,793,-296
39801,1325,654,-247
39811,1329,1021,-236
39821,1342,2270,-270
39831,1329,856,-242
39841,1324,313,-224
39851,1335,1398,-230
39861,1348,2628,-330
39871,1344,2096,-390
39881,1332,792,-281
39891,1344,1952,-303
39901,1331,554,-204
39911,1341,1527,-234
39921,1354,2750,-316
39931,1342,1413,-266
39941,1342,1342,-265
39951,1345,1575,-284
39961,1355,2496,-336
39971,1344,1271,-232
39981,1348,1608,-243
39991,1350,1727,-293
40001,1359,2541,-323
40011,1349,1414,-210
40021,1362,2643,-220
40031,1358,2111,-270
40041,1352,1405,-203
40051,1367,2835,-309
40061,1355,1493,-265
40071,1353,1219,-137
40081,1352,1058,-88
40091,1348,605,-19
40101,1352,975,33
40111,1328,-1473,286
40121,1321,-2100,489
40131,1317,-2395,713
40141,1309,-3075,963
40151,1301,-3721,1277
40161,1304,-3235,1468
40171,1302,-3273,1715
40181,1288,-4509,1974
40191,1288,-4284,2148
40201,1293,-3570,2330
40211,1298,-2891,2359
40221,1293,-3247,2380
40231,1294,-2984,2357
40241,1301,-2135,2238
40251,1289,-3228,2200
40261,1291,-2867,1986
40271,1290,-2824,1740
40281,1284,-3282,1518
40291,1283,-3218,1268
40301,1289,-2457,957
40311,1302,-1034,614
40321,1287,-2483,395
40331,1292,-1858,93
40341,1284,-2566,-113
40351,1290,-1837,-285
40361,1296,-1145,-430
40371,1310,311,-661
40381,1293,-1404,-734
40391,1298,-833,-771
40401,1286,-1992,-780
40411,1298,-692,-835
40421,1309,441,-945
40431,1295,-980,-977
40441,1307,268,-1072
40451,1292,-1244,-1015
40461,1300,-382,-928
40471,1285,-1863,-839
40481,1288,-1469,-745
40491,1304,203,-805
40501,1300,-206,-790
40511,1302,3,-745
40521,1288,-1396,-533
40531,1308,673,-571
40541,1298,-360,-506
40551,1313,1157,-611
40561,1304,199,-571
40571,1296,-610,-421
40581,1312,1020,-475
40591,1308,569,-431
40601,1319,1640,-551
40611,1301,-241,-490
40621,1307,370,-562
40631,1302,-147,-569
40641,1308,459,-516
40651,1306,236,-481
40661,1318,1424,-510
40671,1308,353,-545
40681,1320,1535,-527
40691,1317,1159,-548
40701,1317,1101,-478
40711,1320,1346,-487
40721,1317,978,-513
40731,1334,2629,-543
40741,1331,2198,-568
40751,1326,1588,-495
40761,1328,1708,-546
40771,1321,923,-512
40781,1327,1477,-549
40791,1329,1603,-549
40801,1321,723,-505
40811,1325,1087,-414
40821,1330,1532,-426
40831,1325,956,-328
40841,1325,908,-260
40851,1329,1262,-218
40861,1344,2699,-254
40871,1330,1164,-219
40881,1332,1306,-97
40891,1342,2241,-72
40901,1344,2329,-91
40911,1338,1612,-63
40921,1346,2332,-131
40931,1354,3015,-209
40941,1348,2264,-230
40951,1338,1151,-236
40961,1341,1393,-230
40971,1340,1224,-191
40981,1352,2363,-257
40991,1366,3644,-398
41001,1364,3262,-482
41011,1354,2099,-402
41021,1358,2394,-439
41031,1348,1274,-385
41041,1348,1210,-271
41051,1347,1050,-148
41061,1332,-501,20
41071,1326,-1076,254
41081,1317,-1923,561
41091,1310,-2526,835
41101,1305,-2900,1039
41111,1301,-3155,1254
41121,1288,-4297,1511
41131,1298,-3082,1733
41141,1288,-3928,2051
41151,1300,-2532,2216
41161,1297,-2705,2295
41171,1292,-3070,2389
41181,1292,-2916,2380
41191,1282,-3771,2406
41201,1286,-3182,2369
41211,1281,-3523,2247
41221,1276,-3847,2111
41231,1292,-2054,1820
41241,1285,-2652,1550
41251,1285,-2519,1266
41261,1292,-1693,937
41271,1284,-2408,611
41281,1291,-1588,344
41291,1283,-2308,108
41301,1294,-1093,-82
41311,1298,-638,-285
41321,1306,193,-528
41331,1288,-1616,-616
41341,1292,-1135,-760
41351,1287,-1578,-808
41361,1294,-800,-906
41371,1296,-559,-1015
41381,1300,-132,-1023
41391,1301,-25,-1066
41401,1293,-824,-1041
41411,1293,-783,-966
41421,1284,-1643,-887
41431,1295,-461,-833
41441,1306,661,-896
41451,1302,228,-850
41461,1303,316,-785
41471,1297,-298,-639
41481,1298,-183,-621
41491,1298,-174,-580
41501,1290,-966,-519
41511,1308,882,-534
41521,1296,-361,-465
41531,1313,1356,-483
41541,1312,1188,-489
41551,1308,729,-518
41561,1312,1092,-565
41571,1305,337,-613
41581,1321,1921,-682
41591,1313,1025,-628
41601,1310,673,-584
41611,1320,1640,-597
41621,1324,1958,-659
41631,1314,860,-643
41641,1320,1417,-660
41651,1322,1546,-730
41661,1322,1468,-677
41671,1325,1695,-713
41681,1317,810,-585
41691,1318,870,-479
41701,1318,826,-407
41711,1330,1985,-392
41721,1332,2086,-436
41731,1320,781,-302
41741,1338,2542,-341
41751,1328,1415,-326
41761,1322,744,-213
41771,1342,2707,-215
41781,1336,1972,-242
41791,1333,1573,-211
41801,1342,2394,-234
41811,1337,1775,-222
41821,1333,1286,-173
41831,1337,1622,-199
41841,1339,1741,-224
41851,1337,1453,-231
41861,1352,2881,-255
41871,1340,1537,-194
41881,1338,1260,-193
41891,1344,1797,-121
41901,1338,1107,-83
41911,1336,851,-68
41921,1357,2909,-62
41931,1343,1364,-10
41941,1359,2895,-81
41951,1352,2050,-46
41961,1356,2348,-71
41971,1370,3631,-202
41981,1360,2449,-232
41991,1360,2326,-247
42001,1363,2510,-292
42011,1354,1485,-183
42021,1332,-789,-20
42031,1341,150,54
42041,1326,-1357,254
42051,1333,-589,351
42061,1312,-2659,553
42071,1304,-3326,908
42081,1306,-2960,1119
42091,1301,-3312,1422
42101,1304,-2846,1618
42111,1313,-1804,1743
42121,1300,-3014,1994
42131,1302,-2663,2116
42141,1306,-2130,2173
42151,1293,-3323,2290
42161,1302,-2257,2258
42171,1289,-3444,2152
42181,1305,-1672,1987
42191,1288,-3288,1834
42201,1291,-2824,1700
42211,1294,-2383,1415
42221,1289,-2764,1141
42231,1298,-1725,847
42241,1290,-2439,609
42251,1292,-2117,405
42261,1303,-911,213
42271,1306,-566,-42
42281,1284,-2737,-107
42291,1300,-1000,-227
42301,1284,-2550,-295
42311,1288,-2023,-308
42321,1298,-922,-451
42331,1296,-1076,-456
42341,1296,-1022,-552
42351,1296,-971,-603
42361,1290,-1522,-586
42371,1289,-1546,-589
42381,1285,-1869,-507
42391,1302,-75,-586
42401,1302,-71,-638
42411,1287,-1568,-517
42421,1292,-989,-424
42431,1298,-340,-508
42441,1295,-623,-461
42451,1306,507,-582
42461,1289,-1217,-551
42471,1294,-656,-494
42481,1306,576,-524
42491,1317,1647,-620
42501,1313,1164,-680
42511,1314,1206,-771
42521,1314,1146,-853
42531,1300,-310,-851
42541,1306,304,-780
42551,1304,89,-703
42561,1302,-115,-703
42571,1323,1990,-789
42581,1320,1591,-807
42591,1321,1611,-837
42601,1327,2131,-833
42611,1308,124,-808
42621,1312,518,-768
42631,1315,792,-670
42641,1320,1252,-545
42651,1326,1790,-494
42661,1338,2900,-520
42671,1324,1355,-457
42681,1328,1687,-512
42691,1325,1303,-498
42701,1320,738,-458
42711,1328,1501,-481
42721,1345,3126,-481
42731,1332,1669,-419
42741,1336,1986,-385
42751,1342,2487,-355
42761,1323,462,-328
42771,1326,739,-298
42781,1322,302,-223
42791,1336,1687,-207
42801,1343,2303,-196
42811,1332,1087,-46
42821,1338,1633,-35
42831,1330,751,43
42841,1336,1314,55
42851,1333,948,51
42861,1345,2101,17
42871,1347,2196,76
42881,1339,1286,96
42891,1348,2121,81
42901,1344,1615,127
42911,1345,1635,40
42921,1358,2853,-99
42931,1343,1210,-153
42941,1350,1850,-159
42951,1348,1557,-110
42961,1338,479,-64
42971,1338,455,12
42981,1321,-1266,140
42991,1322,-1103,284
43001,1309,-2348,471
43011,1308,-2331,712
43021,1296,-3414,1010
43031,1299,-2943,1199
43041,1296,-3096,1430
43051,1290,-3541,1638
43061,1284,-3964,1845
43071,1302,-1966,1970
43081,1296,-2468,1998
43091,1286,-3344,2104
43101,1282,-3577,2185
43111,1289,-2698,2125
43121,1285,-2963,2072
43131,1301,-1215,1796
43141,1290,-2254,1605
43151,1296,-1541,1303
43161,1286,-2464,1082
43171,1291,-1841,780
43181,1295,-1349,501
43191,1298,-982,221
43201,1293,-1433,-25
43211,1282,-2461,-201
43221,1287,-1838,-263
43231,1290,-1446,-363
43241,1288,-1574,-483
43251,1300,-295,-666
43261,1287,-1580,-686
43271,1282,-2001,-675
43281,1285,-1601,-577
43291,1288,-1221,-564
43301,1287,-1260,-503
43311,1295,-397,-551
43321,1294,-477,-553
43331,1284,-1453,-465
43341,1284,-1380,-368
43351,1298,88,-402
43361,1301,383,-519
43371,1292,-535,-527
43381,1293,-408,-517
43391,1296,-88,-539
43401,1290,-683,-452
43411,1294,-249,-479
43421,1310,1362,-630
43431,1312,1494,-749
43441,1310,1219,-817
43451,1304,558,-837
43461,1304,531,-803
43471,1297,-195,-730
43481,1312,1314,-810
43491,1309,948,-849
43501,1314,1401,-822
43511,1309,831,-747
43521,1296,-510,-649
43531,1318,1715,-687
43541,1302,29,-597
43551,1309,727,-585
43561,1316,1391,-588
43571,1320,1721,-518
43581,1313,935,-403
43591,1326,2188,-397
43601,1312,679,-341
43611,1312,645,-289
43621,1318,1213,-318
43631,1326,1952,-305
43641,1312,454,-230
43651,1328,2032,-232
43661,1330,2130,-275
43671,1338,2824,-439
43681,1320,882,-338
43691,1335,2338,-437
43701,1342,2921,-525
43711,1328,1375,-473
43721,1328,1306,-398
43731,1333,1741,-398
43741,1330,1354,-297
43751,1336,1886,-327
43761,1348,2992,-423
43771,1344,2442,-445
43781,1344,2320,-411
43791,1354,3204,-522
43801,1339,1544,-422
43811,1338,1367,-312
43821,1348,2298,-236
43831,1338,1183,-209
43841,1344,1724,-135
43851,1344,1638,-31
43861,1349,2056,-55
43871,1355,2553,-110
43881,1355,2425,-127
43891,1350,1804,-124
43901,1331,-185,33
43911,1324,-876,282
43921,1320,-1232,497
43931,1317,-1470,701
43941,1307,-2397,989
43951,1306,-2377,1149
43961,1299,-2958,1320
43971,1300,-2710,1517
43981,1282,-4375,1725
43991,1292,-3156,1868
44001,1293,-2898,1975
44011,1283,-3753,2137
44021,1290,-2865,2243
44031,1286,-3122,2331
44041,1286,-2966,2343
44051,1280,-3418,2248
44061,1292,-2047,2027
44071,1274,-3744,1900
44081,1280,-2957,1716
44091,1276,-3209,1508
44101,1270,-3649,1342
44111,1272,-3266,1130
44121,1286,-1703,857
44131,1277,-2518,561
44141,1271,-2992,399
44151,1275,-2442,241
44161,1280,-1820,18
44171,1276,-2129,-97
44181,1289,-723,-288
44191,1280,-1586,-384
44201,1278,-1707,-480
44211,1280,-1422,-495
44221,1276,-1751,-582
44231,1282,-1063,-647
44241,1273,-1910,-663
44251,1280,-1114,-745
44261,1288,-259,-843
44271,1289,-146,-842
44281,1277,-1338,-819
44291,1280,-971,-844
44301,1278,-1123,-818
44311,1285,-367,-803
44321,1288,-48,-825
44331,1273,-1546,-666
44341,1296,830,-720
44351,1280,-810,-675
44361,1285,-270,-645
44371,1293,543,-690
44381,1289,116,-664
44391,1285,-289,-666
44401,1289,125,-648
44411,1292,418,-604
44421,1288,-2,-529
44431,1298,997,-596
44441,1306,1748,-685
44451,1298,860,-723
44461,1299,917,-714
44471,1291,71,-637
44481,1314,2368,-791
44491,1300,849,-696
44501,1303,1107,-724
44511,1316,2351,-791
44521,1296,234,-675
44531,1318,2422,-729
44541,1313,1801,-766
44551,1311,1511,-755
44561,1312,1535,-724
44571,1301,358,-642
44581,1316,1841,-599
44591,1318,1949,-524
44601,1315,1551,-488
44611,1313,1274,-433
44621,1328,2710,-519
44631,1311,874,-354
44641,1326,2331,-381
44651,1332,2814,-424
44661,1328,2273,-359
44671,1324,1759,-394
44681,1320,1272,-265
44691,1332,2408,-260
44701,1342,3288,-332
44711,1316,523,-227
44721,1335,2397,-318
44731,1335,2277,-303
44741,1330,1663,-243
44751,1328,1380,-195
44761,1322,711,-124
44771,1324,875,10
44781,1347,3132,-109
44791,1343,2575,-101
44801,1344,2546,-67
44811,1337,1719,-17
44821,1346,2533,-58
44831,1344,2206,-101
44841,1344,2096,-65
44851,1343,1891,28
44861,1351,2597,-94
44871,1335,867,6
44881,1327,23,144
44891,1320,-677,278
44901,1316,-1043,408
44911,1312,-1391,509
44921,1307,-1821,646
44931,1292,-3230,989
44941,1305,-1769,1178
44951,1288,-3380,1446
44961,1294,-2611,1592
44971,1296,-2281,1745
44981,1295,-2266,1851
44991,1284,-3253,1993
45001,1278,-3691,2132
45011,1280,-3306,2257
45021,1286,-2541,2207
45031,1274,-3614,2166
45041,1282,-2633,2015
45051,1280,-2701,1848
45061,1268,-3766,1727
45071,1280,-2378,1494
45081,1279,-2359,1199
45091,1282,-1941,991
45101,1280,-2044,715
45111,1268,-3142,581
45121,1273,-2484,445
45131,1281,-1560,272
45141,1283,-1282,47
45151,1292,-318,-231
45161,1273,-2202,-328
45171,1284,-992,-432
45181,1272,-2142,-508
45191,1295,264,-657
45201,1280,-1249,-697
45211,1285,-686,-821
45221,1287,-452,-857
45231,1270,-2129,-782
45241,1287,-323,-792
45251,1273,-1706,-722
45261,1284,-521,-789
45271,1290,104,-842
45281,1278,-1100,-754
45291,1288,-45,-721
45301,1288,-43,-638
45311,1302,1358,-763
45321,1284,-509,-688
45331,1294,516,-752
45341,1297,790,-684
45351,1287,-249,-651
45361,1293,363,-629
45371,1298,845,-627
45381,1295,502,-703
45391,1309,1877,-748
45401,1295,383,-778
45411,1288,-335,-691
45421,1297,581,-634
45431,1300,852,-668
45441,1294,209,-593
45451,1308,1599,-605
45461,1303,1019,-501
45471,1308,1468,-546
45481,1300,594,-476
45491,1308,1365,-438
45501,1307,1196,-457
45511,1304,837,-413
45521,1314,1795,-402
45531,1306,905,-365
45541,1316,1860,-310
45551,1322,2367,-389
45561,1313,1348,-441
45571,1313,1281,-426
45581,1316,1517,-415
45591,1332,3041,-537
45601,1312,889,-433
45611,1317,1344,-396
45621,1317,1277,-333
45631,1332,2713,-416
45641,1327,2078,-404
45651,1328,2074,-405
45661,1346,3770,-533
45671,1320,982,-419
45681,1347,3632,-530
45691,1336,2351,-490
45701,1338,2433,-431
45711,1334,1911,-409
45721,1333,1716,-380
45731,1337,2030,-357
45741,1340,2229,-262
45751,1338,1917,-282
45761,1336,1621,-252
45771,1352,3140,-318
45781,1341,1883,-218
45791,1348,2489,-202
45801,1359,3464,-250
45811,1361,3491,-200
45821,1348,2017,-229
45831,1358,2916,-157
45841,1352,2170,-124
45851,1354,2261,-93
45861,1340,748,-3
45871,1340,711,69
45881,1346,1275,120
45891,1350,1612,163
45901,1332,-268,295
45911,1330,-455,410
45921,1316,-1832,688
45931,1308,-2540,913
45941,1308,-2413,1147
45951,1300,-3092,1455
45961,1300,-2938,1727
45971,1292,-3591,1916
45981,1312,-1411,2003
45991,1296,-2941,2120
46001,1289,-3494,2255
46011,1293,-2919,2240
46021,1284,-3673,2258
46031,1299,-1989,2190
46041,1296,-2190,2143
46051,1285,-3180,2034
46061,1296,-1921,1832
46071,1291,-2325,1584
46081,1292,-2109,1297
46091,1303,-903,965
46101,1289,-2258,712
46111,1294,-1645,463
46121,1297,-1263,180
46131,1296,-1300,64
46141,1297,-1135,-133
46151,1289,-1878,-285
46161,1306,-84,-490
46171,1290,-1680,-611
46181,1300,-596,-670
46191,1318,1233,-833
46201,1299,-728,-907
46211,1302,-391,-907
46221,1295,-1072,-880
46231,1301,-418,-877
46241,1305,2,-824
46251,1288,-1697,-750
46261,1302,-212,-733
46271,1293,-1102,-640
46281,1306,252,-635
46291,1301,-259,-588
46301,1317,1353,-691
46311,1307,285,-614
46321,1297,-728,-581
46331,1312,807,-577
46341,1312,767,-467
46351,1304,-71,-439
46361,1300,-467,-369
46371,1307,255,-393
46381,1308,343,-383
46391,1304,-74,-322
46401,1308,329,-394
46411,1318,1313,-433
46421,1309,347,-460
46431,1326,2030,-509
46441,1320,1328,-542
46451,1324,1662,-502
46461,1319,1079,-493
46471,1324,1525,-575
46481,1316,648,-504
46491,1319,916,-450
46501,1333,2270,-535
46511,1318,657,-534
46521,1333,2124,-580
46531,1317,417,-509
46541,1326,1297,-518
46551,1332,1832,-538
46561,1317,240,-398
46571,1329,1428,-404
46581,1328,1257,-297
46591,1325,894,-222
46601,1324,749,-120
46611,1340,2312,-159
46621,1329,1096,-100
46631,1353,3441,-242
46641,1348,2769,-314
46651,1342,2031,-257
46661,1338,1529,-277
46671,1338,1453,-204
46681,1330,580,-187
46691,1344,1951,-205
46701,1354,2853,-251
46711,1355,2811,-383
46721,1342,1370,-345
46731,1350,2102,-360
46741,1348,1796,-373
46751,1356,2507,-432
46761,1371,3881,-476
46771,1355,2087,-475
46781,1351,1583,-305
46791,1357,2104,-226
46801,1366,2899,-244
46811,1348,953,-172
46821,1356,1706,-151
46831,1353,1320,-161
46841,1344,354,-24
46851,1343,237,163
46861,1327,-1374,426
46871,1335,-505,527
46881,1318,-2180,765
46891,1316,-2271,968
46901,1304,-3358,1256
46911,1314,-2190,1524
46921,1300,-3480,1729
46931,1308,-2506,1825
46941,1306,-2581,1944
46951,1293,-3752,2160
46961,1298,-3064,2185
46971,1304,-2311,2191
46981,1300,-2595,2170
46991,1299,-2566,2077
47001,1303,-2037,1942
47011,1290,-3235,1790
47021,1309,-1174,1563
47031,1303,-1715,1282
47041,1300,-1929,1029
47051,1293,-2533,774
47061,1295,-2206,601
47071,1301,-1496,329
47081,1288,-2721,221
47091,1302,-1185,32
47101,1303,-1025,-203
47111,1305,-774,-382
47121,1304,-835,-482
47131,1308,-394,-603
47141,1300,-1174,-651
47151,1313,184,-734
47161,1304,-725,-818
47171,1301,-988,-742
47181,1302,-839,-711
47191,1296,-1397,-656
47201,1306,-327,-706
47211,1299,-1011,-684
47221,1296,-1260,-605
47231,1302,-597,-642
47241,1305,-267,-600
47251,1311,345,-595
47261,1292,-1571,-459
47271,1310,307,-454
47281,1318,1091,-475
47291,1301,-662,-435
47301,1315,770,-407
47311,1303,-468,-367
47321,1306,-144,-363
47331,1319,1162,-431
47341,1325,1704,-562
47351,1326,1719,-623
47361,1313,333,-636
47371,1312,216,-653
47381,1316,605,-655
47391,1322,1175,-671
47401,1329,1816,-689
47411,1332,2025,-828
47421,1323,1024,-778
47431,1328,1473,-710
47441,1322,799,-710
47451,1332,1759,-677
47461,1329,1371,-693
47471,1337,2103,-731
47481,1328,1097,-623
47491,1324,642,-467
47501,1318,10,-285
47511,1332,1410,-290
47521,1330,1139,-287
47531,1334,1482,-283
47541,1337,1708,-259
47551,1340,1923,-213
47561,1347,2527,-207
47571,1328,500,-139
47581,1349,2575,-175
47591,1338,1346,-179
47601,1334,879,-96
47611,1346,2035,-121
47621,1344,1733,-89
47631,1348,2047,-140
47641,1346,1744,-191
47651,1353,2357,-308
47661,1350,1939,-306
47671,1340,842,-254
47681,1351,1900,-252
47691,1354,2105,-249
47701,1344,1000,-163
47711,1350,1550,-80
47721,1351,1572,-126
47731,1348,1194,-20
47741,1360,2334,-69
47751,1362,2417,-145
47761,1366,2696,-162
47771,1372,3161,-222
47781,1358,1603,-164
47791,1363,2023,-158
47801,1344,22,1
47811,1357,1321,42
47821,1356,1155,23
47831,1324,-2102,272
47841,1325,-1897,501
47851,1324,-1902,649
47861,1319,-2307,847
47871,1320,-2091,1011
47881,1310,-2987,1197
47891,1308,-3038,1435
47901,1310,-2686,1625
47911,1312,-2351,1786
47921,1308,-2634,1964
47931,1296,-3702,2089
47941,1300,-3117,2178
47951,1291,-3861,2177
47961,1296,-3168,2199
47971,1288,-3809,2229
47981,1287,-3719,2046
47991,1301,-2133,1788
48001,1298,-2326,1554
48011,1283,-3710,1396
48021,1292,-2625,1193
48031,1296,-2093,919
48041,1303,-1289,618
48051,1304,-1124,360
48061,1298,-1668,186
48071,1300,-1384,6
48081,1289,-2415,-147
48091,1308,-394,-361
48101,1298,-1375,-532
48111,1297,-1406,-626
48121,1297,-1336,-734
48131,1311,130,-911
48141,1295,-1475,-870
48151,1284,-2501,-773
48161,1288,-1976,-789
48171,1306,-78,-845
48181,1306,-74,-862
48191,1299,-770,-783
48201,1306,-32,-746
48211,1305,-130,-734
48221,1302,-423,-684
48231,1297,-902,-671
48241,1303,-257,-577
48251,1304,-144,-562
48261,1301,-437,-533
48271,1304,-115,-527
48281,1306,90,-453
48291,1296,-914,-420
48301,1312,731,-550
48311,1321,1594,-695
48321,1322,1615,-718
48331,1316,934,-700
48341,1310,287,-682
48351,1321,1373,-687
48361,1302,-595,-576
48371,1314,634,-566
48381,1327,1902,-666
48391,1324,1507,-690
48401,1324,1432,-700
48411,1306,-439,-609
48421,1313,282,-548
48431,1328,1768,-565
48441,1312,79,-535
48451,1320,875,-461
48461,1326,1432,-384
48471,1316,360,-247
48481,1332,1942,-261
48491,1337,2345,-340
48501,1338,2328,-348
48511,1324,811,-378
48521,1334,1771,-389
48531,1328,1082,-286
48541,1342,2428,-303
48551,1338,1907,-295
48561,1345,2511,-439
48571,1340,1886,-487
48581,1345,2291,-469
48591,1342,1877,-532
48601,1340,1583,-520
48611,1340,1504,-465
48621,1340,1428,-466
48631,1349,2257,-419
48641,1336,844,-268
48651,1344,1602,-175
48661,1349,2022,-213
48671,1345,1521,-159
48681,1348,1745,-159
48691,1343,1157,-41
48701,1355,2300,-33
48711,1349,1584,44
48721,1356,2205,33
48731,1359,2395,35
48741,1348,1175,79
48751,1359,2216,35
48761,1351,1306,44
48771,1357,1840,10
48781,1347,748,95
48791,1365,2511,-15
48801,1346,485,55
48811,1343,161,163
48821,1334,-746,289
48831,1321,-2009,495
48841,1330,-1008,591
48851,1318,-2158,817
48861,1301,-3750,1083
48871,1312,-2462,1282
48881,1312,-2339,1464
48891,1294,-4022,1657
48901,1301,-3121,1833
48911,1301,-2965,1920
48921,1301,-2817,2009
48931,1284,-4376,2114
48941,1293,-3257,2229
48951,1282,-4194,2255
48961,1298,-2384,2136
48971,1288,-3265,2014
48981,1297,-2202,1753
48991,1280,-3792,1662
49001,1296,-2002,1395
49011,1284,-3102,1122
49021,1293,-2047,888
49031,1286,-2645,720
49041,1292,-1912,425
49051,1302,-817,150
49061,1289,-2076,-6
49071,1303,-572,-223
49081,1300,-843,-487
49091,1300,-801,-643
49101,1292,-1561,-779
49111,1293,-1383,-790
49121,1296,-1014,-863
49131,1295,-1063,-855
49141,1293,-1210,-921
49151,1286,-1850,-824
49161,1284,-1957,-791
49171,1288,-1459,-720
49181,1296,-586,-737
49191,1288,-1357,-661
49201,1295,-589,-572
49211,1300,-59,-597
49221,1296,-456,-505
49231,1290,-1033,-409
49241,1292,-782,-338
49251,1300,56,-378
49261,1303,353,-422
49271,1288,-1163,-352
49281,1301,194,-375
49291,1306,684,-443
49301,1316,1650,-604
49311,1292,-832,-606
49321,1312,1209,-702
49331,1312,1149,-737
49341,1298,-308,-724
49351,1316,1507,-773
49361,1317,1531,-790
49371,1312,955,-789
49381,1308,507,-789
49391,1314,1082,-802
49401,1316,1227,-771
49411,1313,866,-702
49421,1327,2223,-809
49431,1316,1011,-746
49441,1314,761,-642
49451,1325,1823,-559
49461,1327,1932,-642
49471,1320,1135,-548
49481,1315,578,-430
49491,1328,1849,-490
49501,1322,1157,-394
49511,1320,899,-288
49521,1321,954,-231
49531,1318,606,-187
49541,1328,1576,-176
49551,1318,497,-91
49561,1341,2772,-175
49571,1334,1934,-130
49581,1332,1637,-147
49591,1337,2055,-203
49601,1341,2352,-206
49611,1330,1135,-136
49621,1350,3078,-241
49631,1354,3324,-384
49641,1358,3558,-460
49651,1346,2180,-484
49661,1353,2771,-553
49671,1352,2532,-596
49681,1354,2606,-659
49691,1348,1875,-609
49701,1348,1782,-616
49711,1348,1692,-478
49721,1348,1608,-391
49731,1344,1127,-297
49741,1342,871,-169
49751,1326,-772,71
49761,1330,-333,199
49771,1321,-1216,488
49781,1313,-1956,807
49791,1308,-2358,1134
49801,1305,-2540,1356
49811,1293,-3613,1652
49821,1285,-4232,1937
49831,1292,-3320,2130
49841,1285,-3854,2283
49851,1294,-2762,2332
49861,1295,-2524,2345
49871,1286,-3297,2383
49881,1306,-1133,2237
49891,1284,-3276,2204
49901,1294,-2112,1991
49911,1277,-3706,1906
49921,1296,-1621,1640
49931,1281,-3040,1438
49941,1287,-2288,1186
49951,1280,-2874,980
49961,1290,-1730,663
49971,1282,-2443,390
49981,1277,-2821,232
49991,1292,-1180,-33
50001,1276,-2721,-103
50011,1307,514,-340
50021,1297,-511,-527
50031,1294,-785,-539
50041,1290,-1146,-642
50051,1289,-1189,-655
50061,1282,-1829,-708
50071,1294,-538,-702
50081,1300,88,-813
50091,1282,-1715,-751
50101,1286,-1229,-752
50111,1292,-568,-724
50121,1296,-140,-770
50131,1297,-33,-839
50141,1292,-531,-773
50151,1292,-504,-802
50161,1304,720,-710
50171,1302,484,-679
50181,1296,-139,-623
50191,1301,367,-627
50201,1300,248,-624
50211,1300,236,-662
50221,1302,424,-627
50231,1299,103,-543
50241,1316,1798,-679
50251,1304,508,-696
50261,1306,682,-680
50271,1313,1348,-684
50281,1312,1181,-676
50291,1308,722,-669
50301,1308,686,-662
50311,1308,651,-572
50321,1309,719,-505
50331,1331,2883,-614
50341,1316,1239,-583
50351,1322,1777,-594
50361,1320,1488,-591
50371,1316,1013,-546
50381,1314,763,-502
50391,1328,2125,-450
50401,1321,1318,-435
50411,1328,1952,-450
50421,1326,1655,-406
50431,1320,972,-334
50441,1336,2523,-394
50451,1321,897,-352
50461,1328,1552,-352
50471,1346,3275,-451
50481,1341,2611,-377
50491,1331,1480,-340
50501,1329,1206,-258
50511,1338,2046,-255
50521,1332,1344,-237
50531,1325,576,-189
50541,1336,1648,-125
50551,1340,1965,-136
50561,1330,867,-43
50571,1337,1524,-15
50581,1333,1047,0
50591,1344,2095,39
50601,1344,1990,-18
50611,1357,3191,-110
50621,1353,2631,-64
50631,1345,1700,-2
50641,1357,2815,-86
50651,1346,1574,-100
50661,1340,895,-22
50671,1354,2250,-77
50681,1320,-1261,42
50691,1319,-1298,224
50701,1324,-733,376
50711,1319,-1197,480
50721,1303,-2737,713
50731,1308,-2100,858
50741,1306,-2195,1061
50751,1290,-3685,1327
50761,1296,-2901,1586
50771,1290,-3356,1814
50781,1276,-4588,2038
50791,1288,-3158,2209
50801,1281,-3700,2308
50811,1287,-2916,2298
50821,1282,-3270,2374
50831,1286,-2706,2179
50841,1284,-2771,1993
50851,1272,-3832,1913
50861,1282,-2641,1726
50871,1284,-2309,1434
50881,1276,-2993,1241
50891,1268,-3643,1098
50901,1277,-2561,813
50911,1288,-1333,533
50921,1278,-2266,316
50931,1278,-2153,48
50941,1274,-2445,-74
50951,1292,-523,-324
50961,1281,-1597,-427
50971,1300,382,-646
50981,1302,563,-817
50991,1284,-1264,-858
51001,1299,298,-1042
51011,1283,-1316,-1026
51021,1280,-1550,-971
51031,1281,-1373,-963
51041,1292,-204,-1054
51051,1287,-694,-1037
51061,1276,-1759,-875
51071,1284,-871,-834
51081,1297,471,-874
51091,1293,48,-898
51101,1293,45,-804
51111,1298,543,-812
51121,1291,-183,-658
51131,1293,25,-523
51141,1290,-275,-492
51151,1294,138,-403
51161,1309,1631,-515
51171,1293,-50,-526
51181,1297,352,-552
51191,1298,434,-518
51201,1294,12,-494
51211,1295,112,-538
51221,1292,-193,-504
51231,1300,616,-447
51241,1312,1785,-499
51251,1299,396,-459
51261,1308,1276,-451
51271,1316,2012,-529
51281,1310,1311,-537
51291,1304,646,-522
51301,1312,1414,-524
51311,1308,943,-411
51321,1314,1496,-447
51331,1316,1621,-466
51341,1320,1940,-498
51351,1322,2043,-558
51361,1315,1241,-562
51371,1335,3179,-703
51381,1322,1720,-689
51391,1318,1234,-574
51401,1325,1872,-590
51411,1327,1978,-554
51421,1326,1779,-467
51431,1333,2390,-468
51441,1334,2371,-508
51451,1326,1452,-442
51461,1326,1380,-397
51471,1326,1311,-319
51481,1333,1945,-278
51491,1336,2148,-236
51501,1339,2340,-207
51511,1340,2323,-231
51521,1329,1107,-69
51531,1338,1952,-64
51541,1334,1454,-55
51551,1335,1481,-14
51561,1344,2307,-22
51571,1354,3192,-95
51581,1348,2432,-81
51591,1334,911,17
51601,1340,1465,19
51611,1322,-407,130
51621,1324,-187,217
51631,1306,-1977,446
51641,1304,-2079,675
51651,1301,-2275,909
51661,1283,-3961,1221
51671,1283,-3763,1427
51681,1285,-3375,1638
51691,1281,-3606,1808
51701,1288,-2725,1905
51711,1293,-2089,1992
51721,1280,-3285,2184
51731,1290,-2120,2227
51741,1281,-2915,2210
51751,1274,-3469,2246
51761,1271,-3595,2159
51771,1269,-3616,2080
51781,1276,-2735,1836
51791,1289,-1298,1512
51801,1276,-2533,1277
51811,1284,-1606,906
51821,1276,-2326,624
51831,1273,-2510,408
51841,1275,-2184,184
51851,1274,-2175,38
51861,1285,-966,-119
51871,1290,-418,-353
51881,1287,-697,-464
51891,1278,-1562,-547
51901,1276,-1684,-629
51911,1287,-500,-770
51921,1291,-75,-910
51931,1278,-1371,-896
51941,1286,-502,-843
51951,1272,-1877,-778
51961,1284,-583,-742
51971,1280,-954,-731
51981,1280,-906,-731
51991,1281,-761,-719
52001,1285,-323,-730
52011,1269,-1907,-564
52021,1280,-711,-456
52031,1283,-376,-393
52041,1290,342,-433
52051,1295,825,-511
52061,1288,84,-471
52071,1290,279,-430
52081,1284,-334,-436
52091,1288,82,-413
52101,1288,78,-475
52111,1300,1274,-528
52121,1294,610,-559
52131,1296,780,-599
52141,1291,241,-595
52151,1294,529,-585
52161,1292,302,-652
52171,1293,387,-638
52181,1299,968,-636
52191,1315,2519,-689
52201,1311,1993,-680
52211,1299,694,-634
52221,1300,759,-579
52231,1308,1521,-612
52241,1300,645,-559
52251,1306,1213,-547
52261,1300,552,-423
52271,1305,1024,-380
52281,1316,2073,-398
52291,1298,169,-329
52301,1306,961,-296
52311,1304,713,-269
52321,1311,1377,-281
52331,1313,1508,-267
52341,1309,1033,-134
52351,1312,1281,-61
52361,1317,1717,-102
52371,1322,2131,-162
52381,1314,1225,-121
52391,1326,2363,-208
52401,1318,1445,-201
52411,1336,3173,-338
52421,1331,2514,-395
52431,1341,3389,-440
52441,1329,2019,-512
52451,1316,618,-442
52461,1330,1987,-475
52471,1330,1888,-460
52481,1326,1393,-406
52491,1319,624,-327
52501,1313,-7,-193
52511,1318,493,-72
52521,1320,668,50
52531,1304,-964,214
52541,1296,-1716,478
52551,1293,-1930,679
52561,1284,-2734,1011
52571,1274,-3597,1322
52581,1272,-3617,1657
52591,1282,-2436,1793
52601,1268,-3714,1903
52611,1276,-2729,2013
52621,1276,-2592,2084
52631,1276,-2463,2097
52641,1286,-1339,1977
52651,1272,-2672,1898
52661,1269,-2839,1853
52671,1264,-3197,1834
52681,1266,-2837,1683
52691,1261,-3195,1518
52701,1258,-3335,1356
52711,1262,-2768,1129
52721,1270,-1830,817
52731,1258,-2939,612
52741,1271,-1491,413
52751,1276,-917,122
52761,1265,-1971,-8
52771,1271,-1273,-150
52781,1272,-1109,-271
52791,1265,-1753,-268
52801,1277,-466,-418
52811,1282,57,-586
52821,1272,-945,-683
52831,1272,-898,-744
52841,1275,-553,-832
52851,1276,-425,-919
52861,1277,-304,-966
52871,1276,-389,-946
52881,1278,-169,-1004
52891,1270,-961,-916
52901,1278,-113,-855
52911,1275,-407,-840
52921,1278,-87,-801
52931,1276,-283,-741
52941,1272,-668,-691
52951,1290,1164,-680
52961,1294,1506,-663
52971,1278,-168,-608
52981,1289,939,-624
52991,1284,392,-589
53001,1292,1173,-602
53011,1289,814,-590
53021,1286,473,-563
53031,1282,50,-505
53041,1296,1447,-584
53051,1286,375,-537
53061,1308,2556,-648
53071,1312,2828,-748
53081,1299,1387,-762
53091,1296,1017,-774
53101,1306,1966,-731
53111,1305,1768,-657
53121,1301,1280,-659
53131,1296,716,-559
53141,1310,2080,-583
53151,1312,2176,-564
53161,1311,1967,-555
53171,1314,2168,-578
53181,1312,1860,-602
53191,1314,1967,-549
53201,1326,3069,-630
53211,1308,1115,-455
53221,1320,2259,-354
53231,1328,2946,-396
53241,1313,1299,-358
53251,1324,2334,-328
53261,1315,1317,-247
53271,1322,1951,-244
53281,1312,854,-204
53291,1318,1411,-120
53301,1320,1541,-46
53311,1324,1864,-13
53321,1321,1470,48
53331,1328,2097,41
53341,1347,3892,-72
53351,1332,2197,-15
53361,1341,2987,-126
53371,1329,1638,-72
53381,1332,1856,2
53391,1338,2363,-63
53401,1340,2445,-67
53411,1332,1523,-73
53421,1324,647,11
53431,1321,314,42
53441,1315,-300,146
53451,1309,-885,290
53461,1306,-1141,460
53471,1292,-2484,679
53481,1278,-3760,997
53491,1279,-3472,1375
53501,1276,-3598,1626
53511,1275,-3518,1888
53521,1287,-2142,1953
53531,1262,-4535,2169
53541,1276,-2908,2283
53551,1268,-3563,2418
53561,1268,-3385,2457
53571,1272,-2816,2390
53581,1274,-2475,2268
53591,1275,-2251,2089
53601,1272,-2438,1888
53611,1257,-3816,1763
53621,1274,-1925,1442
53631,1266,-2629,1115
53641,1264,-2698,847
53651,1261,-2863,611
53661,1267,-2120,365
53671,1262,-2514,253
53681,1287,111,-143
53691,1274,-1194,-314
53701,1260,-2534,-408
53711,1266,-1807,-510
53721,1274,-917,-609
53731,1286,328,-744
53741,1274,-887,-768
53751,1276,-643,-806
53761,1280,-211,-937
53771,1284,199,-962
53781,1269,-1310,-933
53791,1276,-545,-953
53801,1271,-1017,-947
53811,1280,-66,-953
53821,1280,-63,-972
53831,1265,-1560,-745
53841,1280,17,-712
53851,1283,316,-780
53861,1286,600,-816
53871,1277,-329,-735
53881,1286,587,-644
53891,1284,358,-620
53901,1280,-59,-556
53911,1296,1542,-579
53921,1296,1465,-573
53931,1292,992,-632
53941,1282,-57,-577
53951,1305,2245,-701
53961,1292,833,-673
53971,1302,1791,-711
53981,1292,702,-758
53991,1297,1167,-732
54001,1292,608,-660
54011,1291,478,-571
54021,1295,854,-567
54031,1303,1611,-549
54041,1302,1431,-535
54051,1306,1759,-565
54061,1314,2471,-539
54071,1292,148,-375
54081,1304,1340,-331
54091,1304,1273,-349
54101,1307,1509,-247
54111,1303,1034,-210
54121,1313,1982,-180
54131,1305,1083,-171
54141,1315,2029,-195
54151,1308,1227,-202
54161,1312,1566,-234
54171,1314,1688,-251
54181,1315,1703,-223
54191,1323,2418,-255
54201,1318,1797,-232
54211,1312,1107,-125
54221,1328,2652,-259
54231,1325,2219,-283
54241,1318,1408,-262
54251,1322,1738,-243
54261,1320,1451,-236
54271,1343,3678,-307
54281,1325,1694,-305
54291,1332,2310,-283
54301,1324,1394,-256
54311,1334,2325,-270
54321,1337,2508,-288
54331,1332,1883,-263
54341,1337,2289,-222
54351,1344,2874,-257
54361,1324,730,-191
54371,1326,894,-52
54381,1322,449,76
54391,1313,-472,202
54401,1319,150,302
54411,1299,-1856,499
54421,1294,-2263,838
54431,1302,-1350,968
54441,1296,-1883,1154
54451,1292,-2189,1283
54461,1296,-1679,1419
54471,1290,-2195,1577
54481,1280,-3085,1729
54491,1291,-1831,1808
54501,1272,-3640,2012
54511,1297,-958,1889
54521,1280,-2609,1879
54531,1283,-2179,1806
54541,1268,-3570,1760
54551,1282,-1991,1648
54561,1282,-1892,1409
54571,1283,-1697,1160
54581,1280,-1912,996
54591,1278,-2017,822
54601,1287,-1016,583
54611,1286,-1065,401
54621,1276,-2012,269
54631,1293,-211,-6
54641,1298,298,-205
54651,1278,-1716,-352
54661,1280,-1430,-335
54671,1276,-1758,-386
54681,1276,-1670,-400
54691,1279,-1287,-509
54701,1286,-522,-548
54711,1280,-1096,-538
54721,1282,-841,-530
54731,1281,-899,-527
54741,1288,-154,-570
54751,1280,-947,-500
54761,1296,700,-537
54771,1295,565,-618
54781,1288,-163,-542
54791,1299,945,-513
54801,1290,-2,-556
54811,1297,698,-616
54821,1300,963,-706
54831,1290,-84,-716
54841,1304,1319,-793
54851,1300,853,-788
54861,1299,710,-807
54871,1300,775,-810
54881,1300,736,-812
54891,1299,599,-760
54901,1296,269,-733
54911,1304,1056,-656
54921,1308,1403,-618
54931,1312,1733,-643
54941,1310,1446,-575
54951,1308,1174,-555
54961,1309,1215,-498
54971,1304,654,-399
54981,1310,1221,-409
54991,1307,860,-315
55001,1325,2617,-368
55011,1322,2186,-403
55021,1321,1977,-421
55031,1310,778,-370
55041,1313,1039,-346
55051,1310,687,-324
55061,1317,1353,-294
55071,1328,2385,-310
55081,1328,2266,-302
55091,1330,2353,-316
55101,1331,2335,-348
55111,1322,1318,-311
55121,1338,2852,-402
55131,1321,1010,-340
55141,1330,1859,-352
55151,1332,1966,-265
55161,1350,3668,-319
55171,1329,1384,-244
55181,1338,2215,-297
55191,1347,3004,-379
55201,1351,3254,-492
55211,1345,2491,-506
55221,1353,3167,-496
55231,1349,2608,-458
55241,1348,2378,-404
55251,1346,2059,-335
55261,1348,2156,-337
55271,1341,1348,-200
55281,1347,1881,-216
55291,1340,1087,-131
55301,1350,2032,-98
55311,1355,2431,9
55321,1361,2909,-57
55331,1351,1764,-1
55341,1361,2675,36
55351,1339,342,221
55361,1338,225,349
55371,1330,-586,556
55381,1312,-2356,819
55391,1327,-739,946
55401,1314,-2002,1119
55411,1310,-2301,1294
55421,1303,-2886,1443
55431,1309,-2142,1555
55441,1305,-2435,1623
55451,1315,-1313,1663
55461,1296,-3148,1832
55471,1308,-1790,1916
55481,1298,-2700,1966
55491,1313,-1066,1952
55501,1312,-1112,1793
55511,1312,-1057,1626
55521,1306,-1604,1454
55531,1308,-1324,1172
55541,1298,-2257,1067
55551,1304,-1544,851
55561,1304,-1467,633
55571,1312,-594,347
55581,1305,-1264,176
55591,1312,-501,-39
55601,1309,-776,-145
55611,1318,162,-397
55621,1312,-445,-490
55631,1312,-423,-616
55641,1317,97,-645
55651,1314,-207,-647
55661,1316,3,-649
55671,1319,303,-694
55681,1312,-411,-674
55691,1318,208,-739
55701,1312,-401,-713
55711,1306,-981,-645
55721,1322,667,-633
55731,1321,533,-653
55741,1318,207,-606
55751,1323,696,-605
55761,1320,362,-534
55771,1312,-456,-454
55781,1333,1666,-515
55791,1313,-416,-411
55801,1327,1004,-419
55811,1320,254,-368
55821,1333,1541,-385
55831,1324,564,-384
55841,1332,1336,-400
55851,1326,669,-412
55861,1323,335,-436
55871,1320,18,-339
55881,1340,2017,-384
55891,1347,2617,-484
55901,1338,1586,-485
55911,1344,2107,-536
55921,1345,2101,-631
55931,1340,1496,-553
55941,1333,721,-555
55951,1335,885,-479
55961,1344,1741,-505
55971,1330,254,-357
55981,1341,1341,-348
55991,1344,1574,-306
56001,1346,1695,-317
56011,1338,810,-296
56021,1348,1770,-349
56031,1336,481,-196
56041,1344,1257,-71
56051,1360,2794,-116
56061,1362,2855,-135
56071,1356,2112,-117
56081,1348,1206,-78
56091,1353,1646,-122
56101,1353,1564,-146
56111,1352,1385,-109
56121,1350,1116,-143
56131,1353,1360,-125
56141,1369,2892,-188
56151,1367,2548,-222
56161,1348,520,-182
56171,1372,2894,-240
56181,1363,1850,-300
56191,1368,2257,-326
56201,1357,1044,-182
56211,1362,1492,-73
56221,1370,2217,-61
56231,1361,1206,-41
56241,1372,2246,-63
56251,1369,1834,-64
56261,1376,2442,-111
56271,1364,1120,-92
56281,1369,1564,-86
56291,1391,3686,-121
56301,1370,1401,-36
56311,1378,2131,-126
56321,1376,1825,-47
56331,1362,333,47
56341,1353,-582,214
56351,1350,-853,318
56361,1336,-2210,531
56371,1341,-1600,735
56381,1332,-2420,910
56391,1332,-2299,1123
56401,1328,-2584,1307
56411,1332,-2055,1471
56421,1322,-2952,1589
56431,1322,-2804,1706
56441,1324,-2464,1912
56451,1327,-2041,1926
56461,1316,-3039,2026
56471,1323,-2187,2035
56481,1332,-1177,1878
56491,1320,-2319,1740
56501,1316,-2603,1605
56511,1334,-672,1273
56521,1321,-1939,1082
56531,1317,-2242,873
56541,1335,-330,574
56551,1318,-2013,390
56561,1332,-513,168
56571,1321,-1587,-17
56581,1332,-408,-241
56591,1324,-1187,-358
56601,1327,-828,-450
56611,1333,-186,-615
56621,1335,22,-710
56631,1332,-278,-707
56641,1325,-964,-721
56651,1345,1083,-866
56661,1332,-270,-797
56671,1319,-1557,-723
56681,1341,720,-809
56691,1340,584,-763
56701,1336,155,-794
56711,1324,-1052,-653
56721,1328,-599,-616
56731,1332,-169,-539
56741,1332,-161,-515
56751,1354,2046,-607
56761,1335,44,-534
56771,1336,142,-463
56781,1342,735,-452
56791,1348,1298,-519
56801,1338,233,-400
56811,1336,21,-357
56821,1337,120,-400
56831,1346,1014,-363
56841,1336,-36,-272
56851,1346,965,-282
56861,1350,1317,-384
56871,1355,1751,-478
56881,1358,1964,-549
56891,1351,1165,-565
56901,1348,807,-428
56911,1358,1767,-483
56921,1352,1078,-481
56931,1358,1624,-476
56941,1354,1143,-413
56951,1368,2486,-496
56961,1363,1862,-545
56971,1362,1668,-575
56981,1369,2285,-582
56991,1364,1671,-608
57001,1360,1187,-538
57011,1365,1628,-483
57021,1377,2746,-479
57031,1361,1009,-359
57041,1372,2059,-364
57051,1368,1556,-351
57061,1372,1878,-302
57071,1365,1084,-250
57081,1384,2930,-284
57091,1371,1483,-250
57101,1366,909,-106
57111,1386,2864,-138
57121,1391,3220,-206
57131,1368,759,-81
57141,1384,2321,-107
57151,1377,1505,-109
57161,1390,2730,-161
57171,1390,2593,-134
57181,1396,3064,-240
57191,1396,2910,-267
57201,1394,2565,-303
57211,1399,2937,-338
57221,1396,2490,-390
57231,1404,3165,-369
57241,1386,1207,-316
57251,1396,2147,-352
57261,1394,1839,-246
57271,1408,3147,-210
57281,1404,2590,-287
57291,1399,1960,-222
57301,1399,1862,-204
57311,1407,2569,-158
57321,1408,2541,-119
57331,1400,1614,-2
57341,1391,633,156
57351,1385,1,317
57361,1370,-1498,579
57371,1365,-1923,814
57381,1350,-3327,1157
57391,1366,-1560,1241
57401,1351,-2982,1454
57411,1362,-1733,1552
57421,1345,-3347,1816
57431,1344,-3279,2004
57441,1352,-2315,2069
57451,1348,-2599,2125
57461,1349,-2369,2191
57471,1348,-2351,2232
57481,1344,-2633,2218
57491,1345,-2402,2120
57501,1350,-1782,1942
57511,1356,-1092,1640
57521,1353,-1338,1348
57531,1348,-1771,1026
57541,1348,-1682,829
57551,1340,-2398,610
57561,1348,-1478,429
57571,1341,-2104,218
57581,1357,-399,-63
57591,1347,-1379,-193
57601,1351,-910,-345
57611,1347,-1265,-431
57621,1346,-1301,-487
57631,1336,-2236,-479
57641,1356,-124,-573
57651,1360,281,-636
57661,1357,-32,-628
57671,1348,-931,-578
57681,1355,-184,-606
57691,1356,-75,-629
57701,1348,-871,-641
57711,1356,-27,-643
57721,1352,-426,-659
57731,1360,394,-624
57741,1346,-1025,-563
57751,1341,-1473,-451
57761,1340,-1500,-367
57771,1354,-25,-382
57781,1352,-223,-440
57791,1358,387,-405
57801,1357,267,-344
57811,1360,554,-325
57821,1360,526,-360
57831,1364,900,-372
57841,1364,855,-377
57851,1365,912,-438
57861,1366,967,-448
57871,1372,1518,-520
57881,1358,42,-444
57891,1361,340,-479
57901,1375,1723,-618
57911,1376,1737,-745
57921,1373,1350,-747
57931,1360,-16,-680
57941,1370,983,-638
57951,1371,1034,-604
57961,1356,-516,-454
57971,1381,2008,-475
57981,1365,308,-365
57991,1373,1092,-314
58001,1362,-61,-193
58011,1370,741,-129
58021,1372,904,-49
58031,1379,1559,-104
58041,1382,1781,-153
58051,1372,692,-56
58061,1376,1057,0
58071,1379,1304,7
58081,1373,639,-29
58091,1370,307,16
58101,1382,1491,-14
58111,1379,1117,-112
58121,1377,861,-36
58131,1384,1518,-108
58141,1386,1642,-136
58151,1388,1760,-236
58161,1387,1572,-265
58171,1388,1593,-279
58181,1388,1514,-250
58191,1385,1138,-192
58201,1380,581,-164
58211,1401,2652,-240
58221,1390,1419,-217
58231,1399,2248,-290
58241,1392,1436,-322
58251,1396,1764,-298
58261,1408,2876,-372
58271,1400,1932,-391
58281,1395,1335,-332
58291,1390,769,-234
58301,1400,1730,-200
58311,1390,644,-114
58321,1380,-388,30
58331,1366,-1768,246
58341,1372,-1080,385
58351,1362,-2026,539
58361,1362,-1925,796
58371,1346,-3428,1050
58381,1347,-3157,1309
58391,1348,-2899,1473
58401,1345,-3054,1646
58411,1346,-2801,1844
58421,1346,-2661,1944
58431,1346,-2528,1980
58441,1325,-4502,2089
58451,1349,-1876,2072
58461,1347,-1983,1981
58471,1335,-3083,1892
58481,1335,-2929,1711
58491,1332,-3083,1586
58501,1336,-2529,1371
58511,1329,-3102,1215
58521,1351,-747,836
58531,1350,-810,514
58541,1341,-1669,291
58551,1342,-1486,74
58561,1344,-1211,-112
58571,1346,-951,-278
58581,1344,-1103,-402
58591,1340,-1448,-597
58601,1350,-376,-666
58611,1340,-1357,-663
58621,1344,-889,-742
58631,1348,-444,-825
58641,1342,-1022,-861
58651,1352,28,-916
58661,1349,-273,-972
58671,1341,-1059,-832
58681,1334,-1706,-667
58691,1353,278,-689
58701,1355,465,-709
58711,1355,441,-709
58721,1344,-680,-624
58731,1360,953,-654
58741,1352,106,-658
58751,1354,300,-607
58761,1350,-114,-591
58771,1358,691,-600
58781,1345,-643,-502
58791,1345,-611,-453
58801,1340,-1080,-318
58811,1353,273,-304
58821,1351,59,-321
58831,1361,1056,-432
58841,1359,804,-401
58851,1356,463,-342
58861,1354,240,-279
58871,1360,828,-324
58881,1353,87,-224
58891,1364,1182,-255
58901,1368,1523,-294
58911,1360,647,-304
58921,1364,1015,-291
58931,1364,964,-355
58941,1370,1516,-446
58951,1359,340,-479
58961,1363,723,-447
58971,1358,187,-399
58981,1370,1377,-374
58991,1379,2208,-417
59001,1369,1098,-407
59011,1377,1843,-453
59021,1368,851,-400
59031,1384,2408,-486
59041,1372,1088,-416
59051,1358,-366,-241
59061,1376,1452,-245
59071,1364,179,-144
59081,1381,1870,-163
59091,1372,877,-92
59101,1382,1833,-162
59111,1382,1741,-198
59121,1380,1454,-245
59131,1370,381,-147
59141,1392,2562,-144
59151,1378,1034,-117
59161,1386,1782,-97
59171,1375,593,-65
59181,1381,1164,16
59191,1388,1805,-28
59201,1394,2315,-184
59211,1397,2499,-230
59221,1398,2474,-345
59231,1377,250,-210
59241,1404,2938,-309
59251,1396,1991,-287
59261,1385,791,-200
59271,1387,952,-150
59281,1366,-1195,-32
59291,1356,-2135,272
59301,1364,-1228,404
59311,1345,-3067,687
59321,1344,-3013,873
59331,1336,-3663,1124
59341,1344,-2680,1329
59351,1334,-3546,1588
59361,1337,-3068,1798
59371,1350,-1615,1881
59381,1344,-2134,1847
59391,1331,-3327,2034
59401,1325,-3761,2161
59411,1329,-3173,2156
59421,1343,-1614,2048
59431,1324,-3433,1916
59441,1332,-2462,1675
59451,1342,-1339,1429
59461,1332,-2272,1148
59471,1337,-1658,852
59481,1338,-1475,532
59491,1342,-1001,273
59501,1335,-1651,34
59511,1333,-1769,-134
59521,1338,-1180,-225
59531,1326,-2321,-265
59541,1342,-605,-459
59551,1330,-1775,-569
59561,1334,-1286,-647
59571,1329,-1722,-581
59581,1329,-1636,-624
59591,1329,-1554,-602
59601,1340,-376,-579
59611,1338,-557,-602
