74610,1799,2810,-1186
74620,1785,1269,379
74630,1792,1906,-179
74640,1788,1411,416
74650,1794,1940,-84
74660,1780,443,1333
74670,1788,1221,519
74680,1788,1160,500
74690,1790,1302,315
74700,1802,2437,-806
74710,1800,2115,-519
74720,1768,-1190,2672
74730,1768,-1130,2512
74740,1770,-874,2066
74750,1757,-2130,2976
74760,1765,-1224,1801
74770,1743,-3362,3631
74780,1732,-4294,4149
74790,1741,-3180,2728
74800,1738,-3321,2519
74810,1734,-3555,2486
74820,1750,-1777,508
74830,1746,-2088,603
74840,1746,-1983,279
74850,1752,-1284,-667
74860,1745,-1920,-300
74870,1761,-224,-1932
74880,1764,86,-2162
74890,1742,-2117,-41
74900,1754,-811,-1258
74910,1749,-1271,-802
74920,1754,-707,-1189
74930,1767,627,-2196
74940,1753,-803,-606
74950,1752,-863,-383
74960,1758,-220,-803
74970,1766,590,-1456
74980,1766,561,-1250
74990,1769,833,-1334
75000,1776,1491,-1807
75010,1775,1316,-1417
75020,1763,51,-133
75030,1768,548,-600
75040,1776,1321,-1143
75050,1777,1355,-1032
75060,1768,387,45
75070,1764,-32,509
75080,1760,-430,837
75090,1761,-308,749
75100,1768,406,118
75110,1778,1386,-754
75120,1786,2116,-1383
75130,1766,10,685
75140,1782,1610,-861
75150,1763,-369,994
75160,1764,-251,771
75170,1772,560,-6
75180,1788,2132,-1473
75190,1771,326,267
75200,1773,510,26
75210,1788,1984,-1340
75220,1790,2085,-1300
75230,1796,2581,-1595
75240,1784,1251,-162
75250,1802,2989,-1727
75260,1780,639,572
75270,1783,907,223
75280,1798,2362,-1074
75290,1792,1644,-354
75300,1788,1162,230
75310,1808,3103,-1487
75320,1798,1948,-240
75330,1796,1651,25
75340,1798,1768,4
75350,1793,1180,637
75360,1810,2821,-948
75370,1797,1380,445
75380,1792,811,897
75390,1818,3370,-1521
75400,1808,2202,-405
75410,1810,2292,-384
75420,1812,2377,-372
75430,1822,3258,-1193
75440,1801,995,1026
75450,1811,1946,127
75460,1786,-651,2475
75470,1792,-18,1711
75480,1780,-1217,2719
75490,1780,-1157,2463
75500,1768,-2299,3373
75510,1762,-2783,3484
75520,1762,-2644,3076
75530,1762,-2512,2723
75540,1764,-2187,2027
75550,1752,-3277,2752
75560,1744,-3913,2974
75570,1762,-1917,692
75580,1760,-2022,444
75590,1768,-1121,-597
75600,1764,-1465,-480
75610,1774,-391,-1536
75620,1750,-2772,659
75630,1762,-1433,-693
75640,1758,-1762,-404
75650,1770,-473,-1571
75660,1760,-1450,-506
75670,1773,-77,-1707
75680,1752,-2173,411
75690,1779,634,-2209
75700,1772,-96,-1265
75710,1787,1408,-2415
75720,1767,-662,-261
75730,1771,-229,-575
75740,1774,82,-806
75750,1782,878,-1446
75760,1764,-965,359
75770,1764,-917,434
75780,1780,728,-1067
75790,1772,-108,-120
75800,1760,-1302,1019
75810,1782,962,-1085
75820,1770,-285,149
75830,1773,28,-18
75840,1768,-472,409
75850,1778,550,-571
75860,1786,1323,-1349
75870,1770,-342,338
75880,1782,874,-805
75890,1772,-169,221
75900,1777,339,-322
75910,1774,22,59
75920,1786,1221,-996
75930,1790,1559,-1279
75940,1778,282,23
75950,1784,867,-417
75960,1788,1224,-756
75970,1794,1763,-1158
75980,1803,2575,-1800
75990,1803,2446,-1477
76000,1789,923,70
76010,1784,377,553
76020,1793,1258,-221
76030,1788,696,329
76040,1788,661,419
76050,1809,2728,-1487
76060,1812,2891,-1459
76070,1821,3647,-2053
76080,1810,2364,-717
76090,1808,2046,-281
76100,1812,2344,-480
76110,1818,2826,-856
76120,1812,2085,-93
76130,1812,1981,-29
76140,1825,3182,-1181
76150,1811,1623,424
76160,1831,3541,-1283
76170,1814,1664,620
76180,1804,581,1696
76190,1818,1952,411
76200,1818,1855,450
76210,1823,2262,1
76220,1824,2249,-78
76230,1816,1336,765
76240,1800,-330,2273
76250,1813,986,866
76260,1792,-1162,2750
76270,1778,-2505,3786
76280,1774,-2779,3743
76290,1770,-3040,3589
76300,1777,-2188,2483
76310,1780,-1779,1719
76320,1774,-2290,1966
76330,1764,-3175,2601
76340,1774,-2016,1178
76350,1759,-3416,2225
76360,1757,-3445,1874
76370,1772,-1773,-65
76380,1768,-2084,17
76390,1768,-1980,-196
76400,1760,-2681,259
76410,1768,-1747,-712
76420,1770,-1459,-930
76430,1777,-686,-1564
76440,1777,-652,-1439
76450,1774,-919,-1087
76460,1777,-573,-1353
76470,1786,355,-2105
76480,1778,-462,-1106
76490,1775,-739,-744
76500,1796,1397,-2560
76510,1774,-872,-119
76520,1797,1471,-2246
76530,1784,97,-728
76540,1803,1992,-2358
76550,1796,1192,-1300
76560,1786,133,-115
76570,1779,-573,650
76580,1788,355,-208
76590,1776,-862,995
76600,1802,1780,-1468
76610,1797,1191,-761
76620,1794,832,-369
76630,1784,-209,688
76640,1786,0,527
76650,1796,1000,-498
76660,1794,750,-140
76670,1779,-786,1246
76680,1796,952,-435
76690,1790,305,99
76700,1797,989,-599
76710,1800,1240,-775
76720,1805,1678,-1063
76730,1811,2194,-1457
76740,1805,1484,-591
76750,1799,810,18
76760,1818,2669,-1742
76770,1816,2336,-1308
76780,1792,-180,1210
76790,1818,2428,-1236
76800,1813,1807,-561
76810,1816,2016,-686
76820,1824,2716,-1152
76830,1829,3080,-1374
76840,1816,1626,167
76850,1810,944,845
76860,1815,1397,403
76870,1838,3627,-1697
76880,1816,1246,621
76890,1830,2583,-643
76900,1830,2454,-404
76910,1822,1532,442
76920,1833,2555,-566
76930,1827,1827,295
76940,1839,2936,-779
76950,1837,2589,-380
76960,1822,960,1178
76970,1852,3912,-1693
76980,1824,916,1157
76990,1834,1870,219
77000,1824,776,1302
77010,1841,2438,-289
77020,1833,1516,491
77030,1863,4440,-2219
77040,1841,2018,164
77050,1838,1617,509
77060,1836,1336,777
77070,1833,969,1038
77080,1824,21,1866
77090,1805,-1879,3446
77100,1798,-2485,3714
77110,1792,-2961,3928
77120,1801,-1913,2492
77130,1784,-3517,3800
77140,1794,-2341,2344
77150,1778,-3824,3520
77160,1773,-4133,3391
77170,1778,-3426,2354
77180,1789,-2155,643
77190,1776,-3347,1478
77200,1793,-1480,-595
77210,1774,-3306,920
77220,1772,-3341,668
77230,1792,-1173,-1578
77240,1796,-715,-1959
77250,1784,-1879,-754
77260,1780,-2185,-397
77270,1777,-2376,-237
77280,1780,-1957,-552
77290,1776,-2259,-244
77300,1800,253,-2485
77310,1809,1140,-3021
77320,1808,983,-2570
77330,1793,-565,-915
77340,1792,-637,-662
77350,1797,-105,-1102
77360,1805,700,-1641
77370,1804,564,-1245
77380,1784,-1463,763
77390,1796,-190,-474
77400,1802,419,-931
77410,1799,98,-458
77420,1793,-506,271
77430,1805,718,-775
77440,1805,682,-543
77450,1804,548,-389
77460,1815,1621,-1429
77470,1794,-559,648
77480,1808,868,-684
77490,1814,1424,-1103
77500,1804,353,-1
77510,1822,2135,-1688
77520,1801,-71,476
77530,1812,1032,-461
77540,1821,1880,-1170
77550,1826,2287,-1452
77560,1814,972,-80
77570,1812,723,250
77580,1833,2787,-1675
77590,1816,948,181
77600,1804,-299,1373
77610,1826,1916,-822
77620,1830,2220,-941
77630,1831,2208,-840
77640,1840,2998,-1525
77650,1824,1248,283
77660,1837,2486,-930
77670,1825,1162,476
77680,1828,1403,259
77690,1821,633,946
77700,1832,1701,-160
77710,1847,3116,-1432
77720,1844,2660,-847
77730,1852,3328,-1479
77740,1831,1061,794
77750,1847,2608,-558
77760,1834,1178,823
77770,1860,3719,-1617
77780,1837,1233,802
77790,1841,1571,369
77800,1850,2392,-375
77810,1856,2873,-830
77820,1850,2129,-22
77830,1850,2023,125
77840,1858,2721,-433
77850,1848,1585,694
77860,1868,3506,-1200
77870,1856,2131,139
77880,1878,4224,-1893
77890,1858,2013,380
77900,1858,1912,434
77910,1878,3817,-1293
77920,1860,1826,571
77930,1833,-964,3215
77940,1818,-2416,4401
77950,1802,-3896,5462
77960,1786,-5301,6322
77970,1788,-4835,5392
77980,1793,-4094,4242
77990,1807,-2489,2290
78000,1802,-2865,2369
78010,1803,-2621,1717
78020,1784,-4390,3051
78030,1796,-2971,1152
78040,1787,-3722,1521
78050,1803,-1936,-521
78060,1784,-3739,778
78070,1802,-1752,-1447
78080,1816,-265,-2888
78090,1785,-3351,136
78100,1804,-1284,-1757
78110,1794,-2219,-616
78120,1804,-1108,-1478
78130,1804,-1053,-1331
78140,1801,-1300,-1004
78150,1810,-335,-1801
78160,1804,-919,-1104
78170,1800,-1273,-542
78180,1805,-709,-955
78190,1794,-1773,238
78200,1816,514,-1886
78210,1812,89,-1205
78220,1818,684,-1638
78230,1818,650,-1543
78240,1811,-82,-592
78250,1805,-678,43
78260,1823,1155,-1565
78270,1818,598,-893
78280,1826,1367,-1502
78290,1814,99,-140
78300,1821,794,-760
78310,1802,-1144,1164
78320,1822,912,-746
78330,1804,-933,1083
78340,1824,1113,-770
78350,1825,1157,-772
78360,1821,699,-273
78370,1812,-235,600
78380,1836,2176,-1709
78390,1836,2067,-1457
78400,1824,764,-58
78410,1837,2026,-1261
78420,1816,-175,888
78430,1841,2333,-1556
78440,1820,116,661
78450,1838,1910,-1058
78460,1824,415,541
78470,1828,794,154
78480,1847,2655,-1466
78490,1834,1222,-26
78500,1821,-139,1247
78510,1854,3167,-1894
78520,1835,1109,253
78530,1853,2854,-1445
78540,1852,2611,-1166
78550,1860,3280,-1668
78560,1860,3116,-1431
78570,1854,2360,-506
78580,1856,2442,-581
78590,1864,3120,-1059
78600,1850,1564,473
78610,1856,2086,63
78620,1864,2782,-499
78630,1858,2042,198
78640,1851,1241,1001
78650,1860,2078,311
78660,1848,775,1456
78670,1872,3136,-769
78680,1865,2279,48
78690,1876,3265,-893
78700,1863,1802,470
78710,1868,2212,0
78720,1866,1901,280
78730,1886,3806,-1533
78740,1872,2216,-3
78750,1853,205,1917
78760,1840,-1105,3014
78770,1825,-2549,4103
78780,1820,-2922,4145
78790,1825,-2276,3264
78800,1828,-1862,2588
78810,1799,-4669,5031
78820,1822,-2135,2147
78830,1789,-5328,4832
78840,1819,-2062,1211
78850,1806,-3259,2070
78860,1813,-2396,900
78870,1801,-3476,1622
78880,1804,-3002,694
78890,1799,-3352,673
78900,1806,-2485,-373
78910,1826,-360,-2448
78920,1804,-2542,-266
78930,1806,-2215,-546
78940,1809,-1804,-925
78950,1813,-1314,-1379
78960,1817,-848,-1590
78970,1810,-1506,-890
78980,1824,-31,-2012
78990,1826,170,-2065
79000,1815,-937,-802
79010,1819,-491,-1122
79020,1822,-166,-1226
79030,1828,441,-1604
79040,1819,-480,-491
79050,1829,543,-1313
79060,1808,-1583,732
79070,1834,1095,-1704
79080,1832,841,-1245
79090,1821,-301,-3
79100,1826,214,-416
79110,1834,1003,-1082
79120,1822,-246,251
79130,1812,-1234,1159
79140,1818,-573,447
79150,1834,1055,-1047
79160,1818,-596,597
79170,1828,432,-392
79180,1836,1211,-1119
79190,1823,-149,263
79200,1837,1258,-1096
79210,1832,695,-381
79220,1834,860,-562
79230,1826,17,225
79240,1832,616,-312
79250,1847,2085,-1656
79260,1841,1381,-927
79270,1844,1612,-1034
79280,1842,1331,-582
79290,1841,1165,-300
79300,1855,2507,-1545
79310,1859,2781,-1594
79320,1850,1742,-468
79330,1849,1555,-258
79340,1864,2977,-1471
79350,1858,2228,-657
79360,1863,2617,-918
79370,1864,2586,-772
79380,1856,1657,266
79390,1875,3474,-1360
79400,1872,3000,-825
79410,1848,450,1662
79420,1856,1228,858
79430,1857,1266,816
79440,1853,803,1255
79450,1872,2662,-594
79460,1884,3730,-1598
79470,1866,1743,388
79480,1888,3856,-1570
79490,1874,2263,-25
79500,1893,4050,-1691
79510,1880,2547,-192
79520,1872,1620,669
79530,1886,2939,-563
79540,1857,-107,2244
79550,1844,-1402,3245
79560,1826,-3132,4736
79570,1824,-3175,4486
79580,1844,-1016,2175
79590,1819,-3466,4340
79600,1815,-3692,4143
79610,1798,-5207,5062
79620,1804,-4347,3796
79630,1808,-3730,2672
79640,1797,-4643,3126
79650,1812,-2911,929
79660,1817,-2266,-36
79670,1826,-1252,-1241
79680,1820,-1789,-1019
79690,1826,-1100,-1775
79700,1818,-1845,-1059
79710,1815,-2053,-780
79720,1815,-1950,-801
79730,1830,-353,-2354
79740,1824,-935,-1603
79750,1809,-2388,-63
79760,1826,-569,-1573
79770,1828,-340,-1534
79780,1830,-123,-1511
79790,1822,-917,-468
79800,1830,-71,-1125
79810,1825,-567,-516
79820,1829,-139,-869
79830,1840,967,-1793
79840,1830,-80,-677
79850,1825,-576,-96
79860,1828,-248,-305
79870,1822,-835,356
79880,1829,-94,-367
79890,1824,-589,150
79900,1830,40,-316
79910,1818,-1161,845
79920,1840,1096,-1316
79930,1828,-158,-63
79940,1838,849,-953
79950,1830,7,-106
79960,1821,-893,772
79970,1844,1451,-1466
79980,1843,1278,-1272
79990,1851,2014,-1869
80000,1855,2314,-1976
80010,1844,1098,-670
80020,1850,1643,-1050
80030,1837,261,355
80040,1838,348,331
80050,1857,2230,-1405
80060,1846,1019,-48
80070,1862,2568,-1499
80080,1860,2239,-1011
80090,1848,927,306
80100,1856,1681,-336
80110,1844,397,1034
80120,1870,2977,-1443
80130,1874,3228,-1565
80140,1875,3167,-1426
80150,1865,2008,-289
80160,1867,2108,-321
80170,1864,1703,88
80180,1868,2017,-109
80190,1868,1916,96
80200,1866,1621,351
80210,1878,2740,-653
80220,1871,1903,139
80230,1871,1807,206
80240,1886,3217,-1051
80250,1880,2456,-238
80260,1884,2733,-359
80270,1874,1597,684
80280,1880,2117,90
80290,1878,1811,306
80300,1869,820,1217
80310,1877,1579,423
80320,1874,1200,768
80330,1888,2540,-536
80340,1876,1213,743
80350,1858,-646,2453
80360,1837,-2714,4157
80370,1816,-4678,5682
80380,1828,-3244,3911
80390,1828,-3082,3329
80400,1813,-4428,4216
80410,1812,-4307,3625
80420,1814,-3891,2844
80430,1819,-3197,1795
80440,1820,-2937,1219
80450,1830,-1790,-101
80460,1816,-3100,896
80470,1834,-1145,-1215
80480,1834,-1088,-1514
80490,1820,-2433,-412
80500,1815,-2812,-177
80510,1828,-1371,-1528
80520,1810,-3103,307
80530,1824,-1548,-1134
80540,1824,-1470,-1104
80550,1836,-197,-2095
80560,1852,1412,-3324
80570,1824,-1457,-291
80580,1830,-785,-803
80590,1846,854,-2190
80600,1826,-1188,-107
80610,1828,-928,-222
80620,1846,917,-1930
80630,1845,771,-1660
80640,1826,-1167,362
80650,1853,1591,-2102
80660,1824,-1388,875
80670,1840,281,-568
80680,1836,-132,-59
80690,1843,573,-630
80700,1841,344,-365
80710,1831,-672,513
80720,1847,961,-959
80730,1847,913,-797
80740,1835,-332,368
80750,1828,-1015,1063
80760,1853,1535,-1323
80770,1840,158,3
80780,1855,1650,-1430
80790,1848,867,-512
80800,1850,1024,-706
80810,1836,-426,808
80820,1849,894,-471
80830,1842,150,291
80840,1860,1942,-1409
80850,1869,2745,-2052
80860,1856,1307,-482
80870,1840,-357,1094
80880,1872,2860,-1993
80890,1860,1517,-527
80900,1861,1541,-380
80910,1867,2064,-868
80920,1862,1461,-178
80930,1864,1588,-309
80940,1869,2008,-653
80950,1858,808,532
80960,1874,2367,-841
80970,1864,1249,300
80980,1858,587,992
80990,1853,57,1396
81000,1866,1354,6
81010,1870,1687,-300
81020,1856,202,1221
81030,1860,592,680
81040,1880,2562,-1220
81050,1872,1634,-286
81060,1861,453,787
81070,1876,1930,-658
81080,1878,2033,-731
81090,1881,2232,-915
81100,1888,2820,-1369
81110,1893,3179,-1674
81120,1880,1720,-184
81130,1890,2634,-961
81140,1885,2002,-199
81150,1869,302,1429
81160,1856,-1012,2565
81170,1850,-1561,2996
81180,1824,-4083,5206
81190,1828,-3479,4200
81200,1843,-1805,2296
81210,1822,-3815,4021
81220,1816,-4224,4020
81230,1816,-4013,3406
81240,1821,-3312,2335
81250,1818,-3446,2052
81260,1840,-1074,-603
81270,1824,-2621,653
81280,1832,-1689,-565
81290,1817,-3105,509
81300,1827,-1950,-796
81310,1844,-152,-2536
81320,1840,-544,-2076
81330,1836,-917,-1492
81340,1817,-2771,408
81350,1813,-3033,588
81360,1824,-1781,-527
81370,1840,-92,-1941
81380,1842,112,-1870
81390,1831,-993,-610
81400,1832,-843,-586
81410,1856,1598,-2850
81420,1847,618,-1654
81430,1830,-1112,114
81440,1845,442,-1204
81450,1849,821,-1397
81460,1832,-919,292
81470,1832,-874,224
81480,1824,-1630,933
81490,1840,51,-560
81500,1836,-351,21
81510,1858,1866,-1953
81520,1840,-26,-55
81530,1832,-825,680
81540,1828,-1184,1026
81550,1840,74,-171
81560,1845,571,-736
81570,1856,1642,-1739
81580,1837,-339,294
81590,1838,-222,132
81600,1848,788,-880
81610,1852,1149,-1103
81620,1860,1891,-1661
81630,1860,1796,-1338
81640,1844,107,355
81650,1843,1,484
81660,1854,1101,-666
81670,1847,346,113
81680,1856,1229,-632
81690,1854,967,-227
81700,1860,1519,-682
81710,1844,-156,944
81720,1869,2351,-1515
81730,1852,533,360
81740,1867,2007,-964
81750,1856,806,236
81760,1862,1366,-308
81770,1868,1898,-839
81780,1880,3003,-1864
81790,1860,853,335
81800,1872,2010,-687
81810,1867,1409,-66
81820,1883,2939,-1423
81830,1882,2692,-1078
81840,1868,1157,468
81850,1885,2800,-1088
81860,1864,559,1199
81870,1879,2032,-294
81880,1887,2730,-846
81890,1882,2093,-203
81900,1892,2989,-953
81910,1870,639,1347
81920,1888,2407,-386
81930,1870,487,1366
81940,1866,62,1737
81950,1878,1259,490
81960,1881,1496,259
81970,1878,1121,513
81980,1844,-2333,3634
81990,1844,-2217,3292
82000,1830,-3506,4161
82010,1824,-3931,4286
82020,1816,-4534,4452
82030,1828,-3107,2636
82040,1834,-2352,1584
82050,1808,-4834,3545
82060,1808,-4593,2954
82070,1819,-3263,1247
82080,1837,-1300,-835
82090,1822,-2735,412
82100,1823,-2498,-74
82110,1825,-2173,-643
82120,1828,-1764,-1245
82130,1836,-876,-2036
82140,1838,-632,-2174
82150,1824,-2001,-705
82160,1840,-301,-2163
82170,1836,-685,-1522
82180,1836,-651,-1392
82190,1845,280,-2149
82200,1824,-1833,164
82210,1833,-841,-576
82220,1824,-1699,385
82230,1848,785,-1960
82240,1847,646,-1596
82250,1834,-685,-143
82260,1833,-751,17
82270,1838,-214,-416
82280,1816,-2403,1670
82290,1828,-1083,320
82300,1840,170,-788
82310,1836,-237,-375
82320,1848,974,-1477
82330,1839,25,-483
82340,1839,24,-499
82350,1827,-1176,745
82360,1832,-618,202
82370,1848,1012,-1248
82380,1842,362,-625
82390,1853,1444,-1654
82400,1842,271,-418
82410,1863,2358,-2297
82420,1848,740,-615
82430,1858,1703,-1305
82440,1860,1817,-1226
82450,1858,1527,-845
82460,1861,1750,-936
82470,1852,763,37
82480,1853,825,28
82490,1840,-516,1333
82500,1858,1309,-326
82510,1858,1244,-136
82520,1868,2182,-996
82530,1870,2273,-960
82540,1856,759,507
82550,1853,421,856
82560,1853,400,746
82570,1862,1280,-97
82580,1848,-183,1240
82590,1853,325,632
82600,1867,1708,-739
82610,1854,323,550
82620,1862,1107,-210
82630,1859,751,140
82640,1871,1914,-859
82650,1871,1818,-730
82660,1886,3227,-2007
82670,1868,1266,-106
82680,1868,1203,-114
82690,1881,2442,-1242
82700,1865,720,499
82710,1860,184,1021
82720,1889,3075,-1749
82730,1897,3721,-2135
82740,1871,935,691
82750,1886,2389,-716
82760,1890,2669,-840
82770,1856,-864,2561
82780,1855,-920,2506
82790,1840,-2374,3674
82800,1856,-655,1790
82810,1833,-2923,3647
82820,1835,-2576,3045
82830,1820,-3948,4073
82840,1839,-1850,1689
82850,1824,-3258,2831
82860,1832,-2295,1703
82870,1819,-3480,2451
82880,1824,-2806,1342
82890,1829,-2166,495
82900,1824,-2557,557
82910,1818,-3030,649
82920,1833,-1378,-1036
82930,1816,-3009,455
82940,1847,241,-2620
82950,1837,-771,-1616
82960,1826,-1832,-481
82970,1818,-2541,228
82980,1836,-614,-1476
82990,1824,-1783,-302
83000,1826,-1494,-473
83010,1824,-1619,-303
83020,1848,861,-2495
83030,1844,418,-1836
83040,1839,-102,-1178
83050,1833,-697,-459
83060,1840,37,-989
83070,1849,935,-1733
83080,1852,1189,-1707
83090,1833,-770,185
83100,1836,-432,-130
83110,1833,-710,222
83120,1828,-1175,777
83130,1824,-1516,1058
83140,1848,959,-1234
83150,1837,-188,0
83160,1842,321,-379
83170,1834,-494,346
83180,1850,1129,-1230
83190,1833,-626,490
83200,1839,4,-93
83210,1856,1704,-1682
83220,1850,1019,-991
83230,1856,1568,-1515
83240,1854,1289,-1099
83250,1859,1725,-1391
83260,1860,1739,-1241
83270,1842,-148,713
83280,1858,1459,-695
83290,1854,986,-220
83300,1842,-262,1023
83310,1851,650,132
83320,1860,1517,-600
83330,1869,2341,-1343
83340,1859,1225,-103
83350,1864,1663,-431
83360,1864,1580,-356
83370,1864,1501,-245
83380,1855,526,660
83390,1856,600,540
83400,1862,1169,-66
83410,1871,2011,-889
83420,1879,2710,-1398
83430,1857,375,864
83440,1864,1056,187
83450,1871,1703,-328
83460,1870,1518,-85
83470,1867,1142,265
83480,1874,1785,-414
83490,1875,1796,-386
83500,1868,1006,359
83510,1892,3356,-1872
83520,1886,2588,-1031
83530,1876,1458,159
83540,1878,1585,98
83550,1884,2106,-359
83560,1880,1601,118
83570,1881,1621,25
83580,1862,-359,1957
83590,1840,-2541,3899
83600,1850,-1414,2564
83610,1842,-2144,3050
83620,1834,-2836,3477
83630,1834,-2694,3036
83640,1818,-4160,4105
83650,1813,-4452,4033
83660,1824,-3129,2278
83670,1824,-2973,1750
83680,1816,-3624,2063
83690,1812,-3843,1920
83700,1817,-3151,877
83710,1819,-2793,226
83720,1817,-2853,-11
83730,1834,-1010,-1897
83740,1835,-860,-1935
83750,1843,-17,-2685
83760,1820,-2316,-397
83770,1824,-1800,-844
83780,1830,-1110,-1429
83790,1844,344,-2584
83800,1846,527,-2434
83810,1822,-1898,73
83820,1832,-803,-877
83830,1836,-363,-1099
83840,1846,654,-1818
83850,1838,-178,-787
83860,1829,-1069,218
83870,1842,283,-925
83880,1854,1469,-1945
83890,1824,-1603,1077
83900,1852,1276,-1715
83910,1856,1612,-1790
83920,1824,-1667,1499
83930,1844,415,-482
83940,1856,1594,-1578
83950,1834,-685,621
83960,1836,-450,483
83970,1836,-428,485
83980,1838,-206,274
83990,1855,1503,-1378
84000,1840,-71,203
84010,1839,-167,359
84020,1860,1940,-1638
84030,1846,443,-209
84040,1846,421,-52
84050,1863,2100,-1676
84060,1852,894,-519
84070,1839,-449,906
84080,1855,1172,-665
84090,1858,1414,-918
84100,1864,1943,-1272
84110,1871,2546,-1676
84120,1848,119,787
84130,1852,512,441
84140,1847,-12,866
84150,1852,487,403
84160,1859,1163,-183
84170,1872,2405,-1394
84180,1852,285,715
84190,1864,1471,-400
84200,1879,2897,-1773
84210,1871,1952,-758
84220,1864,1155,145
84230,1872,1897,-548
84240,1857,302,972
84250,1875,2087,-802
84260,1876,2082,-829
84270,1868,1178,145
84280,1853,-380,1644
84290,1870,1338,16
84300,1856,-128,1442
84310,1864,678,603
84320,1876,1844,-600
84330,1876,1751,-410
84340,1868,864,437
84350,1864,421,715
84360,1880,2000,-860
84370,1884,2300,-1084
84380,1894,3185,-1883
84390,1874,1025,324
84400,1874,974,301
84410,1858,-674,1766
84420,1839,-2540,3384
84430,1856,-713,1535
84440,1837,-2577,3138
84450,1828,-3348,3694
84460,1808,-5181,5136
84470,1808,-4922,4426
84480,1830,-2476,1698
84490,1818,-3552,2480
84500,1820,-3174,1862
84510,1830,-2016,436
84520,1829,-2015,148
84530,1814,-3414,1107
84540,1830,-1643,-841
84550,1826,-1961,-719
84560,1834,-1063,-1643
84570,1836,-810,-1781
84580,1817,-2669,-51
84590,1838,-436,-2142
84600,1825,-1714,-755
84610,1828,-1328,-884
84620,1846,537,-2386
84630,1831,-989,-761
84640,1839,-139,-1382
84650,1842,167,-1467
84660,1828,-1241,-7
84670,1840,21,-1133
84680,1832,-780,-156
84690,1846,658,-1442
84700,1828,-1174,443
84710,1844,484,-1112
84720,1826,-1339,676
84730,1844,527,-977
84740,1828,-1098,604
84750,1846,755,-1085
84760,1840,118,-351
84770,1842,312,-559
84780,1836,-303,101
84790,1834,-488,262
84800,1848,936,-1110
84810,1829,-1010,851
84820,1849,1039,-1130
84830,1835,-412,345
84840,1858,1908,-1891
84850,1837,-286,362
84860,1837,-272,298
84870,1861,2141,-1883
84880,1839,-166,377
84890,1842,142,152
84900,1863,2235,-1842
84910,1854,1223,-756
84920,1863,2062,-1479
84930,1867,2359,-1598
84940,1849,441,381
84950,1858,1319,-470
84960,1862,1653,-627
84970,1844,-229,1170
84980,1852,582,425
84990,1849,252,644
85000,1862,1540,-521
85010,1870,2263,-1075
85020,1852,350,718
85030,1863,1432,-257
85040,1868,1860,-571
85050,1875,2467,-1162
85060,1871,1944,-591
85070,1864,1147,145
85080,1869,1589,-348
85090,1872,1810,-478
85100,1888,3319,-1854
85110,1888,3153,-1588
85120,1883,2496,-748
85130,1862,271,1455
85140,1884,2457,-584
85150,1872,1134,711
85160,1888,2678,-803
85170,1864,144,1716
85180,1873,1037,797
85190,1887,2385,-515
85200,1900,3566,-1623
85210,1886,1987,-42
85220,1880,1288,666
85230,1882,1423,519
85240,1900,3152,-1119
85250,1877,694,1163
85260,1904,3360,-1488
85270,1884,1192,592
85280,1892,1932,-37
85290,1861,-1264,2911
85300,1862,-1100,2599
85310,1854,-1845,3042
85320,1845,-2653,3663
85330,1831,-3920,4600
85340,1824,-4424,4650
85350,1820,-4603,4284
85360,1821,-4273,3537
85370,1834,-2759,1753
85380,1813,-4721,3305
85390,1819,-3885,2000
85400,1829,-2691,580
85410,1808,-4656,2011
85420,1824,-2823,-88
85430,1824,-2682,-537
85440,1826,-2348,-944
85450,1832,-1631,-1696
85460,1839,-849,-2412
85470,1824,-2307,-931
85480,1825,-2091,-1024
85490,1816,-2887,-127
85500,1827,-1642,-1173
85510,1832,-1060,-1542
85520,1817,-2507,-78
85530,1846,517,-2754
85540,1840,-108,-1876
85550,1836,-502,-1336
85560,1833,-777,-802
85570,1831,-938,-515
85580,1853,1308,-2496
85590,1841,42,-1072
85600,1838,-259,-678
85610,1833,-746,-184
85620,1837,-308,-488
85630,1828,-1193,456
85640,1840,66,-606
85650,1846,662,-1049
85660,1828,-1170,775
85670,1826,-1311,997
85680,1829,-946,533
85690,1827,-1098,620
85700,1829,-844,343
85710,1826,-1101,579
85720,1834,-246,-230
85730,1840,365,-905
85740,1844,747,-1239
85750,1842,510,-951
85760,1854,1684,-1963
85770,1860,2200,-2312
85780,1842,290,-303
85790,1861,2175,-2047
85800,1852,1166,-1005
85810,1854,1308,-981
85820,1850,843,-373
85830,1861,1901,-1241
85840,1846,305,447
85850,1854,1090,-207
85860,1863,1936,-850
85870,1853,839,318
85880,1876,3097,-1757
85890,1848,142,1156
85900,1862,1535,-167
85910,1874,2658,-1225
85920,1852,325,982
85930,1872,2309,-866
85940,1872,2193,-750
85950,1865,1384,73
85960,1878,2614,-1069
85970,1856,284,1223
85980,1880,2669,-1110
85990,1876,2136,-455
86000,1886,3029,-1219
86010,1883,2578,-724
86020,1858,-50,1844
86030,1878,1951,-234
86040,1861,154,1564
86050,1869,946,732
86060,1872,1199,382
86070,1888,2739,-996
86080,1882,2002,-280
86090,1886,2302,-572
86100,1875,1087,622
86110,1894,2932,-1201
86120,1894,2785,-888
86130,1888,2046,-190
86140,1897,2844,-941
86150,1876,602,1139
86160,1892,2172,-457
86170,1880,863,912
86180,1873,120,1532
86190,1854,-1785,3309
86200,1850,-2096,3417
86210,1834,-3591,4593
86220,1828,-4012,4563
86230,1823,-4311,4442
86240,1820,-4395,4079
86250,1824,-3776,3136
86260,1810,-4987,3819
86270,1816,-4137,2508
86280,1819,-3630,1622
86290,1812,-4149,1675
86300,1828,-2341,-328
86310,1823,-2725,-272
86320,1840,-888,-2225
86330,1840,-844,-2334
86340,1827,-2101,-1097
86350,1840,-696,-2409
86360,1828,-1862,-1128
86370,1825,-2069,-792
86380,1838,-665,-1952
86390,1825,-1932,-521
86400,1850,664,-2822
86410,1850,631,-2414
86420,1829,-1500,-107
86430,1842,-125,-1248
86440,1835,-819,-332
86450,1828,-1478,383
86460,1832,-1004,24
86470,1851,946,-1803
86480,1834,-801,-53
86490,1840,-161,-563
86500,1838,-353,-348
86510,1847,564,-1104
86520,1850,836,-1182
86530,1824,-1805,1382
86540,1826,-1515,1120
86550,1848,760,-1148
86560,1828,-1277,762
86570,1842,186,-589
86580,1847,676,-1026
86590,1832,-857,504
86600,1842,185,-427
86610,1843,276,-432
86620,1834,-637,375
86630,1863,2294,-2349
86640,1850,880,-865
86650,1848,635,-555
86660,1848,604,-521
86670,1840,-226,238
86680,1848,585,-413
86690,1840,-244,500
86700,1856,1368,-1071
86710,1864,2100,-1578
86720,1850,594,-45
86730,1856,1165,-583
86740,1865,2006,-1233
86750,1864,1806,-925
86760,1853,616,287
86770,1850,285,679
86780,1857,971,-94
86790,1857,922,-43
86800,1862,1376,-447
86810,1857,807,134
86820,1861,1167,-131
86830,1879,2908,-1718
86840,1858,663,587
86850,1863,1130,104
86860,1876,2373,-1120
86870,1872,1855,-518
86880,1874,1962,-571
86890,1884,2864,-1416
86900,1886,2921,-1399
86910,1871,1275,290
86920,1878,1911,-237
86930,1884,2415,-645
86940,1869,794,966
86950,1871,955,778
86960,1884,2207,-380
86970,1888,2496,-581
86980,1870,572,1187
86990,1888,2343,-471
87000,1892,2626,-654
87010,1888,2094,-141
87020,1899,3090,-1054
87030,1867,-264,2151
87040,1852,-1751,3330
87050,1846,-2263,3497
87060,1840,-2750,3715
87070,1836,-3012,3649
87080,1844,-2062,2400
87090,1821,-4258,4260
87100,1831,-3046,2780
87110,1825,-3493,2848
87120,1830,-2819,1819
87130,1811,-4578,3235
87140,1820,-3449,1720
87150,1824,-2876,780
87160,1816,-3532,1061
87170,1824,-2556,-291
87180,1828,-2028,-936
87190,1820,-2726,-303
87200,1840,-590,-2328
87210,1812,-3361,401
87220,1812,-3192,221
87230,1828,-1433,-1496
87240,1836,-561,-2121
87250,1819,-2233,-395
87260,1836,-421,-2002
87270,1824,-1600,-742
87280,1830,-920,-1178
87290,1841,225,-2079
87300,1834,-485,-1208
87310,1830,-861,-655
87320,1838,-18,-1328
87330,1836,-217,-1009
87340,1840,192,-1225
87350,1824,-1416,329
87360,1836,-145,-727
87370,1832,-538,-157
87380,1840,288,-869
87390,1836,-125,-426
87400,1838,80,-478
87410,1850,1276,-1560
87420,1830,-787,557
87430,1836,-148,-30
87440,1836,-140,-62
87450,1827,-1033,793
87460,1827,-982,734
87470,1838,167,-402
87480,1825,-1141,844
87490,1833,-284,-44
87500,1840,430,-635
87510,1844,808,-950
87520,1828,-832,670
87530,1840,409,-563
87540,1828,-810,611
87550,1833,-270,47
87560,1836,43,-348
87570,1834,-158,-103
87580,1846,1049,-1232
87590,1863,2696,-2690
87600,1837,-38,110
87610,1837,-36,171
87620,1856,1865,-1616
87630,1858,1972,-1515
87640,1860,2073,-1459
87650,1846,569,52
87660,1858,1741,-1056
87670,1846,454,316
87680,1864,2231,-1339
87690,1864,2119,-1032
87700,1848,414,719
87710,1866,2193,-916
87720,1853,783,555
87730,1859,1344,14
87740,1856,977,267
87750,1867,2028,-646
87760,1848,26,1359
87770,1856,825,491
87780,1861,1284,-13
87790,1878,2920,-1592
87800,1865,1474,-86
87810,1878,2700,-1248
87820,1856,365,1080
87830,1878,2547,-1080
87840,1872,1819,-372
87850,1872,1728,-194
87860,1871,1542,-50
87870,1844,-1234,2591
87880,1848,-773,1988
87890,1832,-2334,3329
87900,1824,-3017,3675
87910,1821,-3166,3612
87920,1822,-2908,3105
87930,1828,-2162,2129
87940,1820,-2854,2436
87950,1824,-2312,1641
87960,1802,-4396,3252
87970,1797,-4676,3196
87980,1809,-3242,1376
87990,1808,-3180,981
88000,1826,-1221,-1174
88010,1818,-1960,-669
88020,1815,-2162,-528
88030,1804,-3154,304
88040,1822,-1196,-1577
88050,1829,-436,-2165
88060,1820,-1315,-1163
88070,1806,-2649,187
88080,1808,-2316,-155
88090,1828,-201,-2093
88100,1820,-991,-1215
88110,1824,-541,-1408
88120,1823,-614,-1064
88130,1824,-483,-1011
88140,1841,1240,-2440
88150,1816,-1321,114
88160,1814,-1455,282
88170,1833,517,-1512
88180,1826,-208,-589
88190,1819,-898,119
88200,1828,46,-792
88210,1812,-1555,793
88220,1815,-1177,513
88230,1817,-918,347
88240,1826,26,-582
88250,1820,-574,46
88260,1838,1254,-1662
88270,1827,91,-452
88280,1834,787,-1063
88290,1824,-252,-123
88300,1844,1760,-1930
88310,1828,72,-140
88320,1829,168,-260
88330,1826,-139,52
88340,1840,1267,-1210
88350,1833,503,-416
88360,1840,1178,-908
88370,1824,-480,796
88380,1849,2043,-1529
88390,1840,1041,-460
88400,1840,989,-303
88410,1842,1140,-461
88420,1846,1483,-712
88430,1826,-591,1270
88440,1836,438,286
88450,1831,-83,685
88460,1840,820,-168
88470,1834,179,473
88480,1841,870,-150
88490,1846,1327,-603
88500,1845,1160,-392
88510,1852,1802,-993
88520,1854,1912,-943
88530,1839,317,536
88540,1844,801,36
88550,1847,1060,-218
88560,1856,1908,-1014
88570,1846,812,36
88580,1837,-128,1008
88590,1845,678,217
88600,1858,1944,-913
88610,1840,47,932
88620,1867,2744,-1594
88630,1844,307,805
88640,1844,292,752
88650,1842,77,894
88660,1853,1173,-243
88670,1830,-1184,1908
88680,1838,-325,1006
88690,1816,-2509,2969
88700,1835,-483,841
88710,1828,-1159,1312
88720,1816,-2301,2246
88730,1819,-1886,1714
88740,1808,-2892,2481
88750,1798,-3747,2957
88760,1821,-1260,383
88770,1817,-1597,430
88780,1818,-1417,136
88790,1815,-1646,235
88800,1808,-2264,697
88810,1818,-1151,-570
88820,1796,-3293,1430
88830,1809,-1828,-133
88840,1796,-3037,1039
88850,1796,-2885,727
88860,1824,58,-2135
88870,1797,-2644,544
88880,1817,-512,-1495
88890,1810,-1186,-707
88900,1820,-126,-1525
88910,1827,579,-2109
88920,1822,50,-1470
88930,1817,-452,-903
88940,1825,370,-1591
88950,1817,-448,-652
88960,1825,374,-1373
88970,1824,255,-1017
88980,1826,442,-1053
88990,1826,420,-800
89000,1826,399,-560
89010,1812,-1020,787
89020,1825,330,-365
89030,1821,-85,79
89040,1818,-381,428
89050,1820,-162,207
89060,1820,-154,150
89070,1810,-1146,1062
89080,1830,910,-903
89090,1820,-134,108
89100,1834,1271,-1183
89110,1819,-291,335
89120,1830,823,-741
89130,1817,-518,535
89140,1814,-792,728
89150,1823,147,-227
89160,1826,439,-422
89170,1824,217,-208
89180,1828,607,-551
89190,1828,576,-456
89200,1816,-651,738
89210,1825,280,-164
89220,1836,1366,-1082
89230,1844,2098,-1735
89240,1826,193,191
89250,1850,2583,-2111
89260,1831,554,-25
89270,1830,426,75
89280,1843,1705,-1055
89290,1846,1919,-1088
89300,1824,-375,1171
89310,1845,1742,-859
89320,1836,755,162
89330,1844,1517,-538
89340,1832,242,715
89350,1846,1630,-520
89360,1836,548,578
89370,1850,1921,-756
89380,1829,-275,1281
89390,1834,238,770
89400,1857,2526,-1521
89410,1839,600,407
89420,1855,2170,-1045
89430,1838,361,673
89440,1852,1743,-720
89450,1828,-743,1742
89460,1836,93,795
89470,1839,389,475
89480,1820,-1530,2191
89490,1824,-1053,1628
89500,1808,-2601,2893
89510,1808,-2471,2562
89520,1812,-1947,1781
89530,1793,-3750,3351
89540,1784,-4462,3750
89550,1792,-3439,2330
89560,1818,-667,-526
89570,1793,-3134,1586
89580,1822,-77,-1499
89590,1809,-1373,-411
89600,1808,-1405,-423
89610,1801,-2034,64
89620,1811,-932,-1125
89630,1800,-1986,-102
89640,1807,-1187,-910
89650,1819,72,-1992
89660,1809,-931,-885
89670,1802,-1584,-208
89680,1806,-1105,-511
89690,1825,850,-2112
89700,1817,7,-1040
89710,1822,507,-1461
89720,1817,-18,-728
89730,1820,282,-1005
89740,1831,1368,-1908
89750,1825,700,-1099
89760,1833,1464,-1631
89770,1818,-108,-3
89780,1818,-102,117
89790,1804,-1497,1491
89800,1824,577,-550
89810,1822,348,-235
89820,1808,-1069,1216
89830,1820,184,48
89840,1828,975,-733
89850,1816,-273,495
89860,1819,40,151
89870,1821,237,-29
89880,1834,1526,-1234
89890,1816,-350,526
89900,1825,567,-399
89910,1819,-60,127
89920,1825,542,-432
89930,1815,-485,569
89940,1836,1639,-1345
89950,1850,2957,-2505
89960,1831,909,-420
89970,1824,164,407
89980,1850,2755,-2012
89990,1840,1617,-832
90000,1824,-62,862
90010,1832,740,106
90020,1829,403,454
90030,1842,1682,-814
90040,1836,998,-40
90050,1838,1148,-152
90060,1854,2691,-1511
90070,1838,957,250
90080,1829,8,1231
90090,1842,1308,-89
90100,1832,242,794
90110,1854,2430,-1291
90120,1847,1609,-373
90130,1833,128,931
90140,1832,22,931
90150,1840,821,191
90160,1850,1780,-698
90170,1843,991,130
90180,1845,1141,-56
90190,1856,2184,-1020
90200,1837,175,924
90210,1837,166,764
90220,1822,-1341,2119
90230,1826,-874,1593
90240,1822,-1230,1780
90250,1807,-2669,3024
90260,1820,-1235,1347
90270,1802,-2974,2780
90280,1808,-2225,1874
90290,1806,-2314,1807
90300,1821,-698,90
90310,1806,-2163,1292
90320,1824,-255,-698
90330,1804,-2242,1062
90340,1805,-2030,569
90350,1817,-728,-792
90360,1810,-1392,-232
90370,1806,-1722,72
90380,1796,-2636,868
90390,1830,895,-2521
90400,1804,-1749,184
90410,1808,-1262,-304
90420,1800,-1998,497
90430,1814,-499,-887
90440,1828,925,-2096
90450,1816,-320,-825
90460,1822,295,-1277
90470,1824,480,-1413
90480,1828,856,-1582
90490,1823,314,-883
90500,1825,498,-986
90510,1819,-126,-276
90520,1820,-20,-269
90530,1802,-1819,1583
90540,1820,71,-361
90550,1828,867,-983
90560,1813,-675,598
90570,1826,658,-558
90580,1825,525,-356
90590,1810,-1000,1041
90600,1824,449,-357
90610,1828,826,-699
90620,1833,1285,-1104
90630,1818,-278,384
90640,1826,535,-415
90650,1830,908,-761
90660,1821,-37,190
90670,1826,464,-279
90680,1824,241,81
90690,1815,-670,943
90700,1822,62,156
90710,1840,1859,-1471
90720,1824,166,189
90730,1827,458,-107
90740,1844,2135,-1574
90750,1820,-371,876
90760,1838,1447,-900
90770,1842,1775,-1195
90780,1836,1086,-415
90790,1850,2432,-1634
90800,1828,110,633
90810,1840,1304,-471
90820,1838,1039,-167
90830,1846,1787,-812
90840,1851,2198,-1032
90850,1832,188,986
90860,1835,478,603
90870,1840,955,180
90880,1850,1907,-675
90890,1828,-388,1451
90900,1848,1631,-434
90910,1848,1549,-345
90920,1839,572,551
90930,1843,943,170
90940,1832,-203,1141
90950,1842,806,178
90960,1820,-1433,2235
90970,1812,-2162,2750
90980,1812,-2053,2386
90990,1829,-251,420
91000,1809,-2238,2246
91010,1800,-3026,2800
91020,1798,-3075,2580
91030,1804,-2321,1544
91040,1792,-3405,2427
91050,1796,-2835,1559
91060,1802,-2093,574
91070,1812,-989,-633
91080,1805,-1639,-155
91090,1810,-1057,-794
91100,1816,-404,-1527
91110,1812,-784,-1104
91120,1808,-1145,-676
91130,1806,-1287,-482
91140,1816,-223,-1545
91150,1805,-1312,-394
91160,1820,253,-1741
91170,1810,-759,-574
91180,1810,-721,-505
91190,1816,-85,-920
91200,1805,-1180,285
91210,1813,-321,-455
91220,1800,-1605,787
91230,1819,374,-1058
91240,1824,855,-1412
91250,1822,612,-1101
91260,1818,182,-606
91270,1830,1373,-1629
91280,1825,804,-921
91290,1830,1264,-1281
91300,1827,901,-771
91310,1824,555,-405
91320,1804,-1471,1574
91330,1819,101,55
91340,1814,-403,539
91350,1808,-983,1132
91360,1818,66,109
91370,1808,-937,1156
91380,1815,-190,372
91390,1822,519,-359
91400,1839,2192,-1927
91410,1840,2183,-1785
91420,1818,-125,424
91430,1816,-319,543
91440,1812,-703,795
91450,1838,1931,-1770
91460,1841,2135,-1868
91470,1824,328,57
91480,1838,1712,-1218
91490,1825,326,215
91500,1832,1010,-334
91510,1827,459,242
91520,1840,1736,-856
91530,1838,1449,-460
91540,1825,77,882
91550,1842,1773,-841
91560,1844,1884,-972
91570,1846,1990,-937
91580,1850,2291,-1064
91590,1850,2176,-757
91600,1841,1167,200
91610,1852,2209,-836
91620,1846,1498,-47
91630,1844,1223,194
91640,1855,2262,-715
91650,1835,149,1340
91660,1833,-58,1513
91670,1846,1244,177
91680,1859,2482,-991
91690,1846,1058,498
91700,1833,-294,1713
91710,1848,1220,154
91720,1836,-40,1280
91730,1850,1361,-183
91740,1830,-706,1691
91750,1840,328,600
91760,1816,-2087,2730
91770,1832,-383,900
91780,1809,-2664,2922
91790,1811,-2330,2282
91800,1820,-1314,1168
91810,1821,-1148,930
91820,1826,-591,250
91830,1809,-2261,1604
91840,1806,-2448,1557
91850,1802,-2726,1673
91860,1816,-1189,-23
91870,1825,-230,-995
91880,1833,581,-1859
91890,1826,-148,-1093
91900,1820,-740,-571
91910,1820,-703,-516
91920,1816,-1068,-197
91930,1820,-614,-514
91940,1804,-2184,1065
91950,1817,-775,-308
91960,1836,1163,-2092
91970,1821,-394,-521
91980,1815,-974,144
91990,1844,1974,-2509
92000,1819,-624,229
92010,1836,1106,-1348
92020,1840,1451,-1581
92030,1842,1578,-1642
92040,1833,599,-613
92050,1825,-230,250
92060,1823,-418,457
92070,1819,-797,854
92080,1830,342,-221
92090,1830,325,-36
92100,1828,108,238
92110,1842,1503,-1133
92120,1830,228,183
92130,1832,416,87
92140,1844,1595,-1116
92150,1822,-683,1158
92160,1838,950,-485
92170,1832,302,85
92180,1831,187,107
92190,1846,1678,-1310
92200,1829,-105,480
92210,1829,-100,497
92220,1846,1604,-1047
92230,1844,1324,-702
92240,1832,58,546
92250,1832,55,545
92260,1850,1852,-1228
92270,1835,259,366
92280,1839,646,-5
92290,1831,-185,708
92300,1842,923,-293
92310,1844,1077,-439
92320,1844,1023,-337
92330,1864,2972,-2100
92340,1852,1623,-755
92350,1833,-357,1209
92360,1853,1660,-691
92370,1853,1577,-610
92380,1837,-101,973
92390,1837,-96,958
92400,1856,1808,-829
92410,1836,-282,1118
92420,1842,332,509
92430,1852,1315,-429
92440,1829,-1050,1878
92450,1822,-1697,2351
92460,1838,-12,594
92470,1823,-1512,1924
92480,1814,-2336,2394
92490,1804,-3219,2954
92500,1798,-3658,3173
92510,1802,-3075,2275
92520,1824,-721,-231
92530,1806,-2485,1373
92540,1808,-2161,911
92550,1813,-1553,78
92560,1796,-3175,1508
92570,1805,-2117,286
92580,1812,-1311,-694
92590,1811,-1345,-680
92600,1812,-1178,-812
92610,1818,-519,-1505
92620,1805,-1793,-250
92630,1796,-2603,542
92640,1799,-2173,181
92650,1834,1435,-3087
92660,1818,-236,-1226
92670,1808,-1225,-271
92680,1816,-363,-991
92690,1834,1454,-2568
92700,1819,-117,-900
92710,1814,-612,-235
92720,1813,-681,-69
92730,1812,-747,33
92740,1817,-210,-428
92750,1826,700,-1213
92760,1812,-734,207
92770,1818,-98,-316
92780,1821,207,-433
92790,1818,-103,14
92800,1836,1701,-1773
92810,1831,1116,-1097
92820,1813,-739,790
92830,1824,397,-295
92840,1821,77,-67
92850,1830,974,-890
92860,1827,625,-459
92870,1814,-705,870
92880,1816,-470,653
92890,1821,52,147
92900,1828,750,-546
92910,1822,112,147
92920,1817,-392,633
92930,1817,-373,575
92940,1824,345,-113
92950,1840,1928,-1681
92960,1832,1031,-790
92970,1832,980,-624
92980,1829,631,-260
92990,1836,1299,-847
93000,1836,1234,-764
93010,1829,473,-13
93020,1826,149,367
93030,1833,841,-237
93040,1848,2299,-1545
93050,1835,884,-121
93060,1844,1740,-869
93070,1830,253,661
93080,1844,1640,-591
93090,1828,-41,1064
93100,1820,-839,1677
93110,1838,1002,-165
93120,1827,-147,908
93130,1796,-3240,3743
93140,1808,-1878,2169
93150,1799,-2683,2714
93160,1808,-1650,1538
93170,1804,-1967,1715
93180,1801,-2169,1716
93190,1797,-2460,1690
93200,1808,-1237,325
93210,1808,-1175,69
93220,1804,-1516,292
93230,1808,-1041,-362
93240,1809,-889,-570
93250,1816,-144,-1268
93260,1798,-1937,328
93270,1806,-1040,-628
93280,1795,-2088,496
93290,1808,-683,-828
93300,1797,-1750,299
93310,1804,-962,-441
93320,1801,-1214,-140
93330,1796,-1653,333
93340,1810,-170,-996
93350,1797,-1462,280
93360,1800,-1089,-87
93370,1830,1965,-2909
93380,1824,1267,-2057
93390,1813,103,-827
93400,1831,1898,-2486
93410,1809,-396,-88
93420,1821,823,-1184
93430,1812,-117,-111
93440,1813,-11,-172
93450,1824,1088,-1084
93460,1814,34,36
93470,1818,432,-251
93480,1820,610,-279
93490,1805,-919,1201
93500,1829,1526,-1045
93510,1800,-1450,1906
93520,1808,-577,864
93530,1816,251,-31
93540,1824,1038,-756
93550,1835,2086,-1792
93560,1837,2182,-1715
93570,1833,1673,-1150
93580,1836,1889,-1232
93590,1819,95,568
93600,1845,2690,-1919
93610,1832,1255,-403
93620,1824,393,456
93630,1833,1273,-379
93640,1814,-690,1599
93650,1832,1144,-260
93660,1851,2987,-1807
93670,1824,137,1089
93680,1846,2330,-964
93690,1826,214,1096
93700,1829,503,701
93710,1843,1878,-693
93720,1829,384,714
93730,1846,2065,-954
93740,1831,462,673
93750,1824,-260,1199
93760,1837,1051,-126
93770,1837,999,-33
93780,1826,-150,1020
93790,1833,557,396
93800,1825,-271,1130
93810,1824,-357,993
93820,1820,-739,1317
93830,1824,-302,704
93840,1806,-2087,2336
93850,1797,-2883,2906
93860,1799,-2538,2267
93870,1796,-2712,2234
93880,1802,-1976,1228
93890,1789,-3177,2187
93900,1804,-1518,444
93910,1802,-1642,389
93920,1790,-2760,1256
93930,1810,-622,-912
93940,1798,-1791,99
93950,1806,-901,-832
93960,1802,-1256,-537
93970,1804,-993,-817
93980,1797,-1644,-256
93990,1813,37,-1796
94000,1822,935,-2440
94010,1793,-2010,541
94020,1814,189,-1465
94030,1804,-819,-378
94040,1821,921,-1846
94050,1808,-424,-427
94060,1808,-403,-366
94070,1816,416,-974
94080,1825,1295,-1725
94090,1812,-69,-245
94100,1807,-565,272
94110,1832,1962,-2040
94120,1809,-435,394
94130,1822,886,-758
94140,1816,242,-100
94150,1809,-469,517
94160,1810,-346,505
94170,1808,-529,640
94180,1811,-202,354
94190,1808,-492,550
94200,1810,-267,336
94210,1824,1145,-973
94220,1808,-511,621
94230,1817,413,-363
94240,1826,1292,-1151
94250,1832,1828,-1527
94260,1827,1237,-984
94270,1834,1875,-1468
94280,1821,481,-101
94290,1824,757,-343
94300,1828,1119,-599
94310,1830,1263,-635
94320,1827,900,-177
94330,1813,-544,1244
94340,1830,1182,-370
94350,1821,223,620
94360,1808,-1087,1783
94370,1816,-233,947
94380,1828,978,-226
94390,1824,529,171
94400,1827,802,-170
94410,1823,362,211
94420,1840,2044,-1459
94430,1843,2242,-1539
94440,1824,230,437
94450,1821,-81,668
94460,1842,2022,-1384
94470,1844,2121,-1402
94480,1830,615,181
94490,1831,684,78
94500,1844,1950,-1071
94510,1814,-1146,2021
94520,1832,710,227
94530,1817,-825,1642
94540,1832,716,114
94550,1822,-319,1074
94560,1837,1196,-385
94570,1846,2036,-1226
94580,1842,1534,-771
94590,1817,-1042,1720
94600,1833,610,114
94610,1805,-2220,2661
94620,1816,-1009,1242
94630,1796,-2958,2953
94640,1804,-2010,1825
94650,1800,-2310,1841
94660,1800,-2194,1655
94670,1781,-3985,3132
94680,1788,-3085,2082
94690,1794,-2331,1125
94700,1776,-4015,2562
94710,1800,-1414,-212
94720,1780,-3343,1358
94730,1793,-1876,-336
94740,1788,-2282,-12
94750,1808,-168,-2178
94760,1803,-660,-1583
94770,1785,-2426,89
94780,1800,-805,-1388
94790,1799,-865,-1252
94800,1787,-2022,-76
94810,1811,478,-2399
94820,1797,-944,-772
94830,1796,-997,-580
94840,1804,-147,-1285
94850,1804,-140,-1033
94860,1808,266,-1328
94870,1786,-1946,977
94880,1794,-1049,135
94890,1800,-396,-391
94900,1808,423,-1172
94910,1794,-998,226
94920,1788,-1548,835
94930,1796,-671,-32
94940,1812,962,-1544
94950,1804,114,-554
94960,1813,1008,-1413
94970,1797,-641,257
94980,1811,790,-1055
94990,1793,-1049,724
95000,1808,503,-785
95010,1812,878,-1119
95020,1819,1534,-1543
95030,1807,257,-179
95040,1796,-855,902
95050,1806,187,-155
95060,1805,78,25
95070,1812,774,-516
95080,1828,2335,-1876
95090,1820,1418,-929
95100,1835,2847,-2176
95110,1804,-394,972
95120,1818,1025,-336
95130,1831,2273,-1486
95140,1800,-939,1734
95150,1831,2207,-1298
95160,1808,-203,1039
95170,1817,707,74
95180,1822,1171,-329
95190,1816,512,420
95200,1812,87,839
95210,1842,3083,-1956
95220,1830,1728,-538
95230,1810,-357,1368
95240,1816,260,673
95250,1826,1247,-419
95260,1824,984,-65
95270,1833,1835,-862
95280,1842,2643,-1645
95290,1817,11,1049
95300,1824,710,250
95310,1828,1075,-28
95320,1848,3021,-1820
95330,1816,-329,1430
95340,1824,487,612
95350,1827,762,381
95360,1841,2124,-1044
95370,1829,818,201
95380,1837,1577,-428
95390,1820,-201,1319
95400,1818,-391,1400
95410,1806,-1571,2410
95420,1800,-2092,2669
95430,1785,-3488,3655
95440,1805,-1314,1393
95450,1800,-1748,1663
95460,1788,-2860,2513
95470,1783,-3217,2454
95480,1779,-3457,2485
95490,1789,-2283,1127
95500,1792,-1869,538
95510,1786,-2376,744
95520,1778,-3057,1167
95530,1806,-104,-1897
95540,1780,-2699,530
95550,1792,-1364,-869
95560,1786,-1896,-359
95570,1792,-1201,-994
95580,1808,458,-2391
95590,1787,-1664,-291
95600,1800,-281,-1577
95610,1786,-1667,-111
95620,1795,-683,-926
95630,1812,1050,-2359
95640,1824,2198,-3208
95650,1812,887,-1714
95660,1804,43,-709
95670,1816,1241,-1620
95680,1810,579,-912
95690,1806,150,-293
95700,1796,-857,747
95710,1806,185,-156
95720,1811,676,-521
95730,1782,-2257,2230
95740,1798,-544,592
95750,1793,-1017,1016
95760,1802,-66,172
95770,1809,637,-443
95780,1813,1005,-814
95790,1805,154,-100
95800,1799,-452,417
95810,1796,-730,643
95820,1801,-193,11
95830,1826,2316,-2382
95840,1806,200,-262
95850,1828,2390,-2236
95860,1814,870,-671
95870,1824,1826,-1551
95880,1824,1735,-1193
95890,1807,-51,626
95900,1820,1251,-525
95910,1812,389,367
95920,1804,-430,1115
95930,1816,791,-119
95940,1826,1751,-973
95950,1824,1464,-558
95960,1828,1790,-717
95970,1831,2001,-781
95980,1831,1901,-709
95990,1830,1705,-413
96000,1840,2620,-1312
96010,1823,789,512
96020,1840,2450,-1106
96030,1834,1727,-384
96040,1834,1641,-185
96050,1845,2659,-1109
96060,1850,3026,-1300
96070,1822,75,1684
96080,1825,371,1360
96090,1831,952,725
96100,1828,605,1016
96110,1839,1674,-61
96120,1844,2091,-471
96130,1854,2986,-1294
96140,1820,-562,2103
96150,1830,465,931
96160,1818,-757,2051
96170,1816,-919,1988
96180,1797,-2774,3543
96190,1796,-2735,3212
96200,1814,-798,1045
96210,1807,-1458,1406
96220,1802,-1885,1702
96230,1812,-791,530
96240,1792,-2751,2244
96250,1792,-2614,1892
96260,1780,-3683,2604
96270,1797,-1799,460
96280,1798,-1609,-35
96290,1793,-2028,285
96300,1787,-2527,584
96310,1780,-3101,1002
96320,1803,-646,-1434
96330,1792,-1713,-296
96340,1811,271,-2081
96350,1815,658,-2370
96360,1802,-674,-985
96370,1813,458,-1962
96380,1792,-1663,102
96390,1804,-380,-1023
96400,1806,-161,-1078
96410,1808,46,-1037
96420,1806,-155,-725
96430,1824,1651,-2316
96440,1821,1269,-1714
96450,1816,705,-934
96460,1810,70,-88
96470,1810,67,-37
96480,1800,-936,1018
96490,1810,110,-39
96500,1819,1005,-910
96510,1801,-845,928
96520,1812,296,-224
96530,1800,-917,1039
96540,1810,128,27
96550,1814,521,-320
96560,1797,-1204,1322
96570,1804,-444,542
96580,1804,-421,382
96590,1801,-700,529
96600,1800,-766,496
96610,1809,172,-434
96620,1806,-136,-139
96630,1812,470,-652
96640,1815,747,-886
96650,1822,1409,-1522
96660,1820,1139,-1119
96670,1820,1082,-1010
96680,1824,1428,-1199
96690,1824,1356,-1046
96700,1822,1089,-740
96710,1830,1834,-1283
96720,1812,-57,633
96730,1816,345,281
96740,1824,1128,-378
96750,1828,1471,-573
96760,1832,1798,-791
96770,1840,2508,-1324
96780,1826,982,234
96790,1836,1933,-637
96800,1825,737,514
96810,1838,2000,-691
96820,1844,2500,-1096
96830,1833,1275,118
96840,1829,811,546
96850,1838,1671,-274
96860,1829,687,632
96870,1852,2953,-1432
96880,1840,1605,-1
96890,1838,1325,292
96900,1830,458,1090
96910,1838,1235,276
96920,1838,1174,249
96930,1849,2215,-709
96940,1833,504,905
96950,1828,-20,1380
96960,1812,-1619,2738
96970,1824,-338,1267
96980,1800,-2721,3384
96990,1810,-1585,2088
97000,1815,-1006,1330
97010,1793,-3155,3224
97020,1793,-2998,2669
97030,1802,-1948,1383
97040,1801,-1950,1167
97050,1780,-3953,2875
97060,1808,-955,-268
97070,1804,-1307,-81
97080,1793,-2342,649
97090,1784,-3125,1190
97100,1806,-769,-1216
97110,1788,-2530,484
97120,1811,-104,-1926
97130,1802,-998,-916
97140,1813,151,-1950
97150,1789,-2256,373
97160,1806,-443,-1258
97170,1804,-621,-922
97180,1808,-190,-1236
97190,1798,-1180,-194
97200,1800,-921,-251
97210,1824,1524,-2532
97220,1808,-151,-778
97230,1816,655,-1386
97240,1807,-277,-263
97250,1813,336,-804
97260,1807,-280,-37
97270,1802,-766,404
97280,1824,1472,-1668
97290,1800,-1001,727
97300,1806,-351,204
97310,1809,-33,-85
97320,1814,467,-514
97330,1816,644,-635
97340,1801,-887,916
97350,1812,256,-149
97360,1822,1243,-1155
97370,1804,-618,675
97380,1832,2212,-2051
97390,1804,-698,831
97400,1832,2136,-1883
97410,1820,830,-502
97420,1808,-411,762
97430,1828,1608,-1249
97440,1827,1428,-906
97450,1815,157,398
97460,1831,1749,-1074
97470,1819,461,212
97480,1830,1538,-804
97490,1821,561,268
97500,1832,1633,-711
97510,1824,751,137
97520,1836,1914,-856
97530,1834,1618,-599
97540,1837,1837,-650
97550,1842,2246,-1050
97560,1830,933,268
97570,1844,2287,-905
97580,1833,1072,273
97590,1826,319,953
97600,1826,303,978
97610,1844,2087,-783
97620,1842,1783,-390
97630,1842,1694,-291
97640,1840,1409,49
97650,1834,739,660
97660,1837,1001,414
97670,1840,1251,120
97680,1858,2989,-1525
97690,1839,939,464
97700,1836,592,700
97710,1843,1263,52
97720,1852,2100,-796
97730,1860,2795,-1377
97740,1848,1455,38
97750,1853,1882,-283
97760,1861,2588,-956
97770,1857,2058,-408
97780,1853,1556,85
97790,1836,-221,1754
97800,1813,-2510,3826
97810,1812,-2485,3568
97820,1804,-3160,3950
97830,1807,-2702,3112
97840,1788,-4467,4517
97850,1804,-2644,2477
97860,1796,-3312,2840
97870,1799,-2846,2045
97880,1805,-2104,976
97890,1804,-2098,734
97900,1795,-2894,1211
97910,1802,-2049,57
97920,1812,-946,-1245
97930,1804,-1699,-710
97940,1792,-2814,231
97950,1813,-573,-1879
97960,1799,-1944,-472
97970,1820,252,-2442
97980,1814,-360,-1673
97990,1805,-1242,-576
98000,1814,-280,-1380
98010,1808,-866,-631
98020,1821,476,-1753
98030,1825,853,-1932
98040,1817,10,-949
98050,1810,-689,-101
98060,1804,-1255,516
98070,1800,-1592,810
98080,1814,-112,-563
98090,1804,-1107,545
98100,1801,-1351,737
98110,1831,1715,-2085
98120,1820,529,-881
98130,1804,-1096,696
98140,1816,158,-465
98150,1806,-849,504
98160,1805,-907,559
98170,1820,637,-975
98180,1812,-193,-213
98190,1812,-183,-236
98200,1836,2225,-2450
98210,1818,313,-434
98220,1836,2098,-1973
98230,1832,1593,-1354
98240,1838,2113,-1660
98250,1820,207,349
98260,1816,-202,631
98270,1814,-392,760
98280,1824,627,-144
98290,1808,-1004,1409
98300,1828,1046,-514
98310,1836,1793,-1081
98320,1809,-996,1599
98330,1830,1153,-461
98340,1836,1696,-877
98350,1819,-88,752
98360,1824,415,255
98370,1819,-105,628
98380,1829,900,-422
98390,1825,455,-87
98400,1828,732,-330
98410,1826,495,-47
98420,1835,1371,-804
98430,1830,802,-224
98440,1824,162,493
98450,1824,154,441
98460,1838,1546,-966
98470,1821,-230,861
98480,1829,580,11
98490,1824,51,431
98500,1856,3249,-2543
98510,1830,486,223
98520,1836,1062,-274
98530,1840,1409,-587
98540,1846,1938,-1017
98550,1846,1841,-846
98560,1847,1849,-764
98570,1836,657,380
98580,1858,2824,-1651
98590,1840,883,337
98600,1859,2739,-1346
98610,1856,2301,-858
98620,1848,1387,163
98630,1844,917,655
98640,1827,-828,2342
98650,1826,-886,2125
98660,1817,-1742,2832
98670,1794,-3955,4711
98680,1803,-2857,3328
98690,1813,-1714,1942
98700,1814,-1528,1531
98710,1788,-4052,3662
98720,1808,-1850,1292
98730,1819,-657,-132
98740,1793,-3224,2161
98750,1804,-1963,586
98760,1816,-665,-909
98770,1818,-432,-1264
98780,1802,-2010,118
98790,1805,-1609,-333
98800,1812,-829,-1110
98810,1832,1212,-2954
98820,1813,-748,-780
98830,1805,-1510,71
98840,1817,-235,-1104
98850,1832,1276,-2429
98860,1825,512,-1361
98870,1830,986,-1646
98880,1843,2237,-2704
98890,1828,625,-836
98900,1816,-605,485
98910,1843,2124,-2058
98920,1828,518,-388
98930,1816,-707,923
98940,1828,527,-168
98950,1816,-698,1066
98960,1817,-563,812
98970,1831,864,-507
98980,1816,-678,1090
98990,1824,155,282
99000,1817,-552,868
99010,1828,575,-254
99020,1825,246,24
99030,1832,933,-749
99040,1838,1487,-1245
99050,1834,1012,-663
99060,1829,462,-223
99070,1836,1139,-858
99080,1840,1482,-1056
99090,1825,-91,476
99100,1844,1812,-1260
99110,1842,1522,-830
99120,1852,2446,-1649
99130,1838,923,-20
99140,1852,2277,-1232
99150,1851,2063,-844
99160,1838,660,564
99170,1856,2427,-1056
99180,1865,3205,-1683
99190,1857,2245,-672
99200,1846,1033,540
99210,1843,681,907
99220,1860,2347,-678
99230,1844,630,982
99240,1870,3198,-1366
99250,1842,238,1488
99260,1873,3326,-1479
99270,1866,2460,-612
99280,1851,837,1004
99290,1871,2795,-918
99300,1850,555,1220
99310,1868,2328,-440
99320,1872,2611,-711
99330,1869,2181,-349
99340,1850,171,1521
99350,1855,663,1005
99360,1868,1930,-178
99370,1876,2633,-862
99380,1876,2501,-606
99390,1878,2576,-722
99400,1866,1248,673
99410,1868,1385,406
99420,1849,-583,2172
99430,1840,-1454,2890
99440,1813,-4081,5059
99450,1822,-2977,3720
99460,1822,-2828,3227
99470,1806,-4287,4225
99480,1820,-2673,2288
99490,1816,-2939,2346
99500,1823,-2092,1316
99510,1810,-3287,2163
99520,1814,-2723,1242
99530,1800,-3987,2073
99540,1829,-887,-1256
99550,1809,-2843,425
99560,1807,-2901,197
99570,1808,-2656,-185
99580,1818,-1523,-1322
99590,1825,-747,-1876
99600,1833,90,-2509
99610,1819,-1314,-1003
99620,1829,-248,-1800
99630,1832,63,-1930
99640,1838,660,-2287
99650,1836,427,-1886
99660,1820,-1193,-125
99670,1816,-1533,294
99680,1819,-1157,106
99690,1830,0,-992
99700,1835,500,-1269
99710,1819,-1124,474
99720,1834,431,-876
99730,1826,-389,20
99740,1809,-2070,1613
99750,1820,-866,345
99760,1838,976,-1344
99770,1826,-272,-97
99780,1812,-1658,1173
99790,1828,24,-551
99800,1819,-876,262
99810,1839,1166,-1623
99820,1843,1508,-1762
99830,1837,833,-954
99840,1838,891,-953
99850,1840,1046,-1072
99860,1828,-205,241
99870,1832,204,-183
99880,1845,1494,-1348
99890,1825,-580,825
99900,1835,448,-115
99910,1848,1726,-1342
99920,1830,-160,551
99930,1854,2248,-1596
99940,1842,935,-223
99950,1836,288,501
99960,1850,1674,-850
99970,1861,2690,-1788
99980,1847,1156,-232
99990,1845,898,26
100000,1856,1953,-968
100010,1864,2655,-1480
100020,1864,2523,-1192
100030,1867,2696,-1286
100040,1858,1662,-102
100050,1858,1578,56
100060,1850,700,866
100070,1864,2064,-349
100080,1850,561,1040
100090,1874,2933,-1197
100100,1861,1486,329
100110,1854,712,1039
100120,1846,-123,1687
100130,1878,3083,-1390
100140,1868,1928,-167
100150,1868,1832,-79
100160,1880,2941,-1168
100170,1871,1893,-163
100180,1872,1899,-222
100190,1876,2204,-491
100200,1864,894,773
100210,1887,3149,-1318
100220,1877,1991,-165
100230,1890,3192,-1190
100240,1875,1532,375
100250,1870,955,916
100260,1855,-591,2377
100270,1842,-1862,3531
100280,1843,-1669,3021
100290,1832,-2685,3730
100300,1828,-2951,3677
100310,1812,-4403,4640
100320,1824,-2983,2895
100330,1824,-2834,2430
100340,1820,-3092,2335
100350,1825,-2438,1458
100360,1805,-4316,2838
100370,1816,-3000,1190
100380,1827,-1750,-389
100390,1812,-3162,710
100400,1820,-2204,-458
100410,1809,-3194,357
100420,1813,-2634,-253
100430,1825,-1303,-1560
100440,1828,-937,-1809
100450,1824,-1291,-1345
100460,1812,-2426,-78
100470,1824,-1105,-1274
100480,1819,-1550,-743
100490,1815,-1872,-340
100500,1831,-178,-1883
100510,1831,-169,-1615
100520,1812,-2061,338
100530,1818,-1358,-338
100540,1820,-1090,-468
100550,1842,1164,-2498
100560,1813,-1794,553
100570,1828,-204,-874
100580,1828,-194,-810
100590,1813,-1684,629
100600,1829,0,-968
100610,1831,200,-993
100620,1814,-1510,689
100630,1822,-634,-124
100640,1830,197,-818
100650,1824,-412,-223
100660,1834,607,-1192
100670,1824,-422,-53
100680,1831,298,-663
100690,1816,-1216,842
100700,1824,-355,-119
100710,1845,1762,-2000
100720,1817,-1125,826
100730,1827,-69,-221
100740,1845,1733,-1797
100750,1833,447,-480
100760,1842,1325,-1283
100770,1821,-841,927
100780,1842,1300,-1085
100790,1852,2235,-1884
100800,1828,-276,636
100810,1844,1337,-928
100820,1842,1070,-562
100830,1850,1817,-1207
100840,1842,926,-173
100850,1850,1680,-791
100860,1844,996,-158
100870,1848,1346,-344
100880,1859,2378,-1213
100890,1848,1160,-33
100900,1854,1701,-491
100910,1862,2416,-1133
100920,1837,-203,1529
100930,1851,1206,113
100940,1849,946,287
100950,1847,698,599
100960,1871,3063,-1649
100970,1861,1910,-440
100980,1864,2114,-625
100990,1857,1309,205
101000,1862,1743,-224
101010,1865,1956,-373
101020,1867,2058,-427
101030,1874,2655,-1006
101040,1852,323,1270
101050,1856,707,820
101060,1864,1471,-7
101070,1874,2398,-760
101080,1864,1278,364
101090,1884,3214,-1420
101100,1874,2053,-169
101110,1884,2950,-1074
101120,1861,503,1279
101130,1862,578,1101
101140,1836,-2050,3506
101150,1832,-2348,3531
101160,1817,-3730,4534
101170,1831,-2144,2668
101180,1812,-3937,4021
101190,1813,-3640,3460
101200,1807,-4058,3560
101210,1808,-3755,2909
101220,1826,-1767,643
101230,1830,-1279,-14
101240,1816,-2615,932
101250,1810,-3084,1059
101260,1812,-2730,326
101270,1834,-393,-2070
101280,1822,-1574,-1033
101290,1820,-1695,-888
101300,1822,-1410,-1110
101310,1836,60,-2328
101320,1816,-1942,-311
101330,1810,-2445,290
101340,1828,-523,-1424
101350,1830,-297,-1399
101360,1825,-782,-716
101370,1826,-643,-780
101380,1836,388,-1701
101390,1820,-1230,10
101400,1825,-669,-390
101410,1838,664,-1497
101420,1842,1031,-1769
101430,1831,-120,-520
101440,1825,-714,138
101450,1825,-678,151
101460,1821,-1044,444
101470,1824,-692,175
101480,1821,-957,539
101490,1838,789,-1120
101500,1822,-849,482
101510,1816,-1407,998
101520,1820,-936,508
101530,1840,1110,-1490
101540,1830,54,-349
101550,1824,-548,261
101560,1825,-420,61
101570,1840,1100,-1454
101580,1842,1245,-1508
101590,1850,1983,-2066
101600,1854,2283,-2169
101610,1825,-730,865
101620,1824,-793,921
101630,1854,2245,-1903
101640,1852,1933,-1515
101650,1850,1637,-1053
101660,1840,555,159
101670,1842,727,98
101680,1841,591,199
101690,1832,-338,1103
101700,1850,1478,-578
101710,1832,-395,1297
101720,1846,1024,-127
101730,1863,2673,-1681
101740,1852,1439,-484
101750,1854,1567,-659
101760,1860,2089,-993
101770,1861,2084,-796
101780,1852,1080,129
101790,1860,1826,-623
101800,1860,1735,-526
101810,1849,548,660
101820,1858,1420,-165
101830,1840,-450,1635
101840,1856,1172,113
101850,1856,1113,148
101860,1849,358,953
101870,1852,640,646
101880,1860,1408,-206
101890,1852,537,604
101900,1868,2110,-932
101910,1886,3805,-2512
101920,1886,3614,-2220
101930,1881,2934,-1416
101940,1877,2387,-831
101950,1890,3568,-1890
101960,1873,1689,64
101970,1868,1105,627
101980,1880,2250,-336
101990,1880,2137,-160
102000,1882,2230,-178
102010,1864,319,1730
102020,1858,-296,2283
102030,1858,-282,2156
102040,1836,-2467,4141
102050,1825,-3444,4747
102060,1812,-4572,5317
102070,1824,-3143,3438
102080,1818,-3586,3445
102090,1818,-3407,2880
102100,1838,-1236,389
102110,1808,-4175,2936
102120,1818,-2966,1456
102130,1826,-2017,223
102140,1824,-2117,39
102150,1812,-3211,770
102160,1825,-1750,-827
102170,1838,-362,-2219
102180,1828,-1344,-1308
102190,1824,-1677,-923
102200,1826,-1393,-1070
102210,1826,-1324,-923
102220,1842,342,-2357
102230,1834,-475,-1332
102240,1823,-1551,-132
102250,1848,1026,-2559
102260,1842,375,-1604
102270,1834,-443,-618
102280,1838,-21,-907
102290,1842,379,-1141
102300,1835,-339,-231
102310,1836,-222,-246
102320,1842,388,-807
102330,1820,-1830,1379
102340,1850,1260,-1516
102350,1840,197,-346
102360,1824,-1412,1257
102370,1818,-1941,1634
102380,1821,-1544,1165
102390,1845,932,-1145
102400,1827,-914,571
102410,1830,-568,163
102420,1836,60,-431
102430,1825,-1042,603
102440,1826,-890,366
102450,1835,53,-552
102460,1828,-648,122
102470,1829,-516,-70
102480,1832,-190,-287
102490,1828,-580,-19
102500,1842,848,-1405
102510,1836,205,-654
102520,1832,-204,-128
102530,1848,1405,-1542
102540,1824,-1064,794
102550,1859,2488,-2531
102560,1848,1264,-1185
102570,1836,0,74
102580,1856,2000,-1722
102590,1835,-199,523
102600,1868,3110,-2583
102610,1847,855,-226
102620,1850,1112,-375
102630,1868,2857,-1917
102640,1850,914,125
102650,1866,2468,-1320
102660,1844,144,998
102670,1848,537,655
102680,1848,510,622
102690,1851,785,471
102700,1853,946,207
102710,1864,1998,-795
102720,1864,1898,-569
102730,1874,2803,-1420
102740,1859,1163,310
102750,1866,1805,-418
102760,1870,2115,-644
102770,1878,2809,-1225
102780,1853,168,1235
102790,1881,2960,-1419
102800,1867,1412,58
102810,1878,2441,-817
102820,1872,1719,-16
102830,1868,1233,517
102840,1888,3171,-1261
102850,1886,2813,-778
102860,1876,1672,340
102870,1872,1189,776
102880,1854,-670,2404
102890,1830,-3036,4490
102900,1843,-1584,2812
102910,1820,-3805,4638
102920,1808,-4815,5139
102930,1816,-3774,3836
102940,1825,-2685,2371
102950,1815,-3551,2906
102960,1815,-3374,2340
102970,1794,-5305,3803
102980,1802,-4240,2373
102990,1796,-4628,2241
103000,1814,-2596,-150
103010,1796,-4266,1123
103020,1800,-3653,187
103030,1812,-2270,-1301
103040,1803,-3057,-516
103050,1821,-1104,-2437
103060,1810,-2149,-1282
103070,1820,-1041,-2138
103080,1813,-1689,-1351
103090,1816,-1305,-1643
103100,1809,-1939,-901
103110,1826,-142,-2483
103120,1825,-235,-2052
103130,1830,276,-2263
103140,1809,-1837,36
103150,1819,-745,-931
103160,1810,-1608,108
103170,1836,1071,-2257
103180,1803,-2281,1095
103190,1832,732,-1665
103200,1812,-1304,357
103210,1824,-39,-767
103220,1824,-37,-702
103230,1828,364,-967
103240,1818,-653,94
103250,1824,-20,-410
103260,1813,-1119,623
103270,1812,-1163,605
103280,1822,-105,-477
103290,1838,1499,-1860
103300,1840,1624,-1827
103310,1822,-256,144
103320,1840,1556,-1636
103330,1813,-1221,1211
103340,1829,439,-468
103350,1832,717,-611
103360,1848,2281,-2021
103370,1832,567,-266
103380,1846,1939,-1533
103390,1813,-1457,1809
103400,1833,615,-220
103410,1820,-715,1136
103420,1828,120,386
103430,1826,-85,594
103440,1852,2518,-1942
103450,1846,1792,-1205
103460,1840,1102,-424
103470,1847,1747,-1056
103480,1832,160,622
103490,1838,752,51
103500,1825,-585,1302
103510,1824,-655,1176
103520,1844,1376,-801
103530,1848,1707,-1148
103540,1836,422,262
103550,1839,701,-10
103560,1845,1266,-443
103570,1838,503,345
103580,1829,-422,1248
103590,1848,1498,-740
103600,1828,-575,1175
103610,1843,952,-362
103620,1832,-194,655
103630,1851,1714,-1150
103640,1848,1329,-726
103650,1837,162,489
103660,1846,1054,-288
103670,1854,1801,-1007
103680,1842,511,203
103690,1855,1786,-980
103700,1852,1396,-544
103710,1854,1526,-657
103720,1834,-549,1348
103730,1846,678,194
103740,1837,-255,1011
103750,1818,-2142,2794
103760,1820,-1835,2301
103770,1794,-4344,4533
103780,1804,-3126,2993
103790,1807,-2670,2269
103800,1792,-4037,3356
103810,1787,-4335,3295
103820,1792,-3618,2217
103830,1792,-3437,1773
103840,1792,-3265,1264
103850,1789,-3402,1081
103860,1806,-1532,-992
103870,1792,-2855,176
103880,1793,-2612,-285
103890,1789,-2882,-191
103900,1800,-1637,-1401
103910,1790,-2556,-531
103920,1784,-3028,28
103930,1782,-3076,80
103940,1800,-1123,-1770
103950,1789,-2166,-601
103960,1790,-1958,-651
103970,1784,-2460,-72
103980,1796,-1137,-1242
103990,1789,-1780,-499
104000,1800,-591,-1501
104010,1800,-562,-1466
104020,1800,-533,-1340
104030,1788,-1707,-106
104040,1789,-1521,-201
104050,1796,-745,-917
104060,1784,-1908,288
104070,1781,-2113,554
104080,1794,-707,-693
104090,1794,-672,-698
104100,1784,-1638,302
104110,1804,443,-1619
104120,1785,-1478,368
104130,1808,895,-1870
104140,1805,550,-1369
104150,1809,923,-1641
104160,1804,376,-1032
104170,1804,357,-954
104180,1792,-859,319
104190,1810,983,-1356
104200,1792,-866,485
104210,1812,1177,-1352
104220,1793,-781,695
104230,1794,-642,560
104240,1796,-410,345
104250,1800,10,35
104260,1822,2209,-2046
104270,1819,1799,-1417
104280,1802,8,313
104290,1799,-291,557
104300,1812,1023,-750
104310,1812,972,-659
104320,1804,123,173
104330,1812,917,-501
104340,1835,3171,-2610
104350,1816,1112,-419
104360,1824,1857,-1118
104370,1805,-135,917
104380,1822,1571,-641
104390,1805,-207,1150
104400,1816,903,99
104410,1812,457,427
104420,1830,2234,-1320
104430,1820,1123,-134
104440,1817,767,292
104450,1826,1628,-528
104460,1812,147,897
104470,1812,139,906
104480,1830,1932,-819
104490,1838,2636,-1558
104500,1833,2004,-866
104510,1833,1904,-763
104520,1832,1708,-445
104530,1839,2323,-1009
104540,1820,307,1040
104550,1848,3092,-1598
104560,1822,337,1148
104570,1828,920,477
104580,1824,474,880
104590,1829,950,416
104600,1803,-1696,2842
104610,1813,-612,1707
104620,1805,-1381,2374
104630,1788,-3012,3675
104640,1784,-3261,3532
104650,1778,-3698,3588
104660,1780,-3313,2856
104670,1776,-3548,2740
104680,1780,-2970,1809
104690,1762,-4621,3132
